 "LINE" "FID" "EAST" "NORTH" "TER" "ALT" "PITCH" "MAG" EM1_X01 EM1_X02 EM1_X03 EM1_X04 EM1_X05 EM1_X06 EM1_X07 EM1_X08 EM1_X09 EM1_X10 EM1_Z01 EM1_Z02 EM1_Z03 EM1_Z04 EM1_Z05 EM1_Z06 EM1_Z07 EM1_Z08 EM1_Z09 EM1_Z10
 1 11260 4091 740329.75 7171971.0 586.0971033573562 99.69935549946982 0.0 55001.84 221175.0 136175.0 70553.0 24290.0 5043.0 668.0 238.0 230.0 198.0 0.0 257029.0 191922.0 118741.0 52709.0 15956.0 4016.0 1300.0 811.0 279.0 0.0
 1 11260 4092 740329.81 7171984.0 586.4128584667144 99.17888721034045 0.0 55014.37 221650.0 136752.0 71102.0 24904.0 5404.0 725.0 232.0 214.0 188.0 0.0 254166.0 189303.0 117397.0 52232.0 15791.0 3984.0 1274.0 781.0 271.0 0.0
 1 11260 4093 740329.88 7171997.0 586.8052545999784 98.72599829324692 0.0 55025.46 222111.0 137319.0 71539.0 25463.0 5759.0 782.0 226.0 199.0 176.0 0.0 250892.0 186345.0 115860.0 51755.0 15692.0 3975.0 1255.0 754.0 264.0 0.0
 1 11260 4094 740329.94 7172010.0 587.2543333936144 98.39320769412062 0.0 55034.82 222528.0 137849.0 71867.0 25955.0 6093.0 839.0 222.0 185.0 162.0 0.0 247381.0 183230.0 114230.0 51308.0 15660.0 3988.0 1239.0 730.0 259.0 0.0
 1 11260 4095 740330.0 7172023.0 587.7415907508408 98.15430144853917 0.0 55042.0 222878.0 138318.0 72101.0 26378.0 6397.0 893.0 219.0 172.0 145.0 0.0 243809.0 180119.0 112592.0 50908.0 15688.0 4020.0 1227.0 710.0 258.0 0.0
 1 11260 4096 740330.06 7172036.0 588.2484435054164 97.9374504352093 0.0 55047.12 223139.0 138690.0 72248.0 26730.0 6659.0 944.0 217.0 161.0 127.0 0.0 240349.0 177163.0 111019.0 50566.0 15765.0 4067.0 1218.0 697.0 259.0 0.0
 1 11260 4097 740330.13 7172049.0 588.7563716979465 97.67383551861352 0.0 55050.3 223263.0 138894.0 72291.0 27000.0 6870.0 990.0 215.0 152.0 108.0 0.0 237179.0 174515.0 109586.0 50292.0 15884.0 4123.0 1212.0 691.0 263.0 0.0
 1 11260 4098 740330.13 7172062.0 589.2467973173693 97.33196514152972 0.0 55051.69 223152.0 138808.0 72172.0 27162.0 7017.0 1031.0 215.0 145.0 89.0 0.0 234478.0 172341.0 108379.0 50105.0 16042.0 4187.0 1209.0 692.0 268.0 0.0
 1 11260 4099 740330.13 7172074.5 589.6850385613759 96.92306606318598 0.0 55051.42 222643.0 138243.0 71785.0 27177.0 7092.0 1064.0 214.0 139.0 71.0 0.0 232401.0 170814.0 107489.0 50031.0 16242.0 4256.0 1213.0 701.0 273.0 0.0
 1 11260 4100 740330.13 7172086.5 590.0699729153766 96.48231917603513 0.0 55049.35 221493.0 136953.0 70987.0 26992.0 7086.0 1089.0 214.0 133.0 58.0 0.0 231048.0 170080.0 106999.0 50097.0 16490.0 4330.0 1223.0 715.0 279.0 0.0
 1 11260 4101 740330.13 7172099.0 590.4424582622213 96.04237127194654 0.0 55045.75 219422.0 134685.0 69628.0 26553.0 6990.0 1103.0 213.0 128.0 50.0 0.0 230428.0 170208.0 106957.0 50324.0 16790.0 4411.0 1241.0 734.0 284.0 0.0
 1 11260 4102 740330.13 7172111.5 590.7932182337157 95.6146420257538 0.0 55041.16 216183.0 131251.0 67600.0 25816.0 6798.0 1102.0 211.0 122.0 48.0 0.0 230454.0 171142.0 107354.0 50715.0 17142.0 4504.0 1266.0 756.0 291.0 0.0
 1 11260 4103 740330.13 7172124.0 591.1296960221484 95.18374216284793 0.0 55035.38 211649.0 126615.0 64885.0 24770.0 6511.0 1082.0 204.0 117.0 53.0 0.0 230962.0 172681.0 108106.0 51250.0 17537.0 4610.0 1300.0 778.0 298.0 0.0
 1 11260 4104 740330.13 7172136.5 591.4593348198072 94.71296114333093 0.0 55028.77 205897.0 120936.0 61574.0 23439.0 6135.0 1040.0 193.0 111.0 62.0 0.0 231745.0 174497.0 109060.0 51876.0 17955.0 4726.0 1339.0 801.0 308.0 0.0
 1 11260 4105 740330.06 7172149.0 591.7913324399626 94.16086946739675 0.0 55021.37 199213.0 114557.0 57849.0 21886.0 5687.0 976.0 175.0 105.0 75.0 0.0 232586.0 176197.0 110014.0 52517.0 18370.0 4846.0 1385.0 824.0 320.0 0.0
 1 11260 4106 740330.0 7172161.5 592.1314146847103 93.50350200511083 0.0 55013.64 192051.0 107918.0 53934.0 20199.0 5191.0 890.0 149.0 98.0 91.0 0.0 233278.0 177407.0 110755.0 53083.0 18746.0 4961.0 1434.0 848.0 333.0 0.0
 1 11260 4107 740330.0 7172174.0 592.4854264357688 92.74404128108975 0.0 55005.73 184934.0 101449.0 50038.0 18464.0 4669.0 788.0 117.0 91.0 107.0 0.0 233650.0 177847.0 111101.0 53487.0 19046.0 5061.0 1487.0 874.0 348.0 0.0
 1 11260 4108 740330.0 7172186.5 592.9247631952189 91.89767554044076 0.0 54997.33 178348.0 95476.0 46319.0 16752.0 4144.0 678.0 80.0 83.0 122.0 0.0 233573.0 177376.0 110929.0 53658.0 19240.0 5139.0 1543.0 902.0 364.0 0.0
 1 11260 4109 740330.0 7172199.0 593.4665869617104 90.9592042849955 0.0 54989.08 172664.0 90180.0 42872.0 15107.0 3630.0 568.0 43.0 76.0 137.0 0.0 232965.0 175984.0 110184.0 53551.0 19311.0 5192.0 1600.0 933.0 380.0 0.0
 1 11260 4110 740330.0 7172211.5 594.05608327097 89.88426301378207 0.0 54981.12 168087.0 85612.0 39746.0 13555.0 3139.0 467.0 8.0 68.0 150.0 0.0 231767.0 173762.0 108868.0 53140.0 19258.0 5222.0 1657.0 967.0 397.0 0.0
 1 11260 4111 740330.0 7172224.0 594.6384376587255 88.61542117517487 0.0 54973.52 164656.0 81749.0 36961.0 12117.0 2679.0 378.0 -20.0 61.0 162.0 0.0 229909.0 170838.0 107006.0 52415.0 19089.0 5235.0 1715.0 1004.0 414.0 0.0
 1 11260 4112 740330.0 7172236.5 595.1588356607044 87.1507512100068 0.0 54966.36 162282.0 78558.0 34540.0 10820.0 2264.0 307.0 -42.0 54.0 171.0 0.0 227263.0 167307.0 104620.0 51373.0 18819.0 5236.0 1773.0 1044.0 432.0 0.0
 1 11260 4113 740330.0 7172249.0 595.5624628126341 85.60899461479107 0.0 54959.77 160807.0 76034.0 32524.0 9711.0 1909.0 254.0 -57.0 47.0 178.0 0.0 223639.0 163184.0 101706.0 50011.0 18462.0 5228.0 1829.0 1086.0 450.0 0.0
 1 11260 4114 740330.0 7172261.5 595.7945046502422 84.23120634856461 0.0 54953.71 160080.0 74226.0 30984.0 8847.0 1633.0 220.0 -67.0 41.0 183.0 0.0 218820.0 158383.0 98229.0 48331.0 18028.0 5215.0 1884.0 1130.0 468.0 0.0
 1 11260 4115 740330.0 7172274.0 595.8000940550861 83.29671877949873 0.0 54948.11 160020.0 73232.0 30012.0 8291.0 1457.0 203.0 -72.0 36.0 185.0 0.0 212647.0 152744.0 94149.0 46349.0 17527.0 5196.0 1935.0 1174.0 486.0 0.0
 1 11260 4116 740330.0 7172286.5 595.517669804011 82.99453317932026 0.0 54942.84 160663.0 73193.0 29721.0 8100.0 1395.0 204.0 -73.0 31.0 185.0 0.0 205103.0 146094.0 89439.0 44098.0 16967.0 5170.0 1982.0 1216.0 502.0 0.0
 1 11260 4117 740330.0 7172299.0 594.9800333038688 83.3290168243391 0.0 54937.77 162184.0 74294.0 30230.0 8316.0 1456.0 225.0 -71.0 28.0 184.0 0.0 196348.0 138339.0 84125.0 41635.0 16358.0 5138.0 2026.0 1256.0 516.0 0.0
 1 11260 4118 740330.0 7172311.5 594.2668893390689 84.11919622715223 0.0 54932.99 164874.0 76754.0 31658.0 8968.0 1643.0 267.0 -65.0 27.0 181.0 0.0 186704.0 129549.0 78308.0 39033.0 15711.0 5096.0 2064.0 1290.0 528.0 0.0
 1 11260 4119 740330.0 7172324.0 593.4579426940204 85.08834422858145 0.0 54928.53 169075.0 80811.0 34116.0 10074.0 1954.0 335.0 -52.0 28.0 177.0 0.0 176612.0 120027.0 72190.0 36383.0 15042.0 5045.0 2098.0 1319.0 537.0 0.0
 1 11260 4120 740330.0 7172336.5 592.6328981531323 85.98292045178441 0.0 54924.2 175087.0 86674.0 37689.0 11646.0 2391.0 433.0 -34.0 30.0 173.0 0.0 166616.0 110322.0 66081.0 33799.0 14370.0 4986.0 2128.0 1342.0 545.0 0.0
 1 11260 4121 740330.0 7172349.0 591.8714605008136 86.65152619978053 0.0 54920.17 183058.0 94450.0 42405.0 13680.0 2956.0 564.0 -8.0 34.0 170.0 0.0 157377.0 101188.0 60387.0 31413.0 13721.0 4920.0 2153.0 1358.0 551.0 0.0
 1 11260 4122 740330.0 7172361.5 591.2533345214736 87.05443716188938 0.0 54916.38 192893.0 104047.0 48192.0 16146.0 3649.0 726.0 24.0 41.0 166.0 0.0 149642.0 93458.0 55559.0 29374.0 13130.0 4850.0 2175.0 1369.0 558.0 0.0
 1 11260 4123 740330.0 7172374.0 590.8581373760348 87.22428854482864 0.0 54912.7 204211.0 115101.0 54834.0 18967.0 4454.0 914.0 60.0 49.0 162.0 0.0 144158.0 87889.0 52013.0 27833.0 12639.0 4779.0 2193.0 1374.0 566.0 0.0
 1 11260 4124 740330.06 7172386.5 590.6915494311587 87.22073197882649 0.0 54909.31 216357.0 126954.0 61955.0 22010.0 5339.0 1115.0 99.0 60.0 159.0 0.0 141502.0 84994.0 50042.0 26911.0 12289.0 4717.0 2209.0 1373.0 576.0 0.0
 1 11260 4125 740330.06 7172399.0 590.6848347149088 87.10576020446108 0.0 54906.05 228510.0 138723.0 69045.0 25092.0 6250.0 1317.0 139.0 71.0 156.0 0.0 141912.0 84929.0 49749.0 26678.0 12117.0 4671.0 2224.0 1365.0 586.0 0.0
 1 11260 4126 740330.13 7172411.5 590.7945402351781 86.93858968961517 0.0 54902.82 239853.0 149464.0 75551.0 28000.0 7124.0 1507.0 178.0 84.0 153.0 0.0 145209.0 87469.0 51015.0 27130.0 12143.0 4655.0 2238.0 1351.0 596.0 0.0
 1 11260 4127 740330.19 7172424.0 590.9772590944428 86.77363719466068 0.0 54899.8 249759.0 158381.0 80991.0 30536.0 7905.0 1677.0 217.0 97.0 149.0 0.0 150841.0 92079.0 53540.0 28189.0 12368.0 4677.0 2254.0 1332.0 606.0 0.0
 1 11260 4128 740330.25 7172436.5 591.1896769551454 86.65114060061806 0.0 54897.08 257919.0 165016.0 85071.0 32557.0 8550.0 1821.0 253.0 110.0 146.0 0.0 158044.0 98050.0 56919.0 29721.0 12771.0 4744.0 2272.0 1309.0 614.0 0.0
 1 11260 4129 740330.31 7172449.0 591.3885703589932 86.58553295149184 0.0 54894.35 264336.0 169334.0 87741.0 34003.0 9043.0 1938.0 287.0 122.0 143.0 0.0 166030.0 104653.0 60747.0 31566.0 13318.0 4858.0 2293.0 1285.0 620.0 0.0
 1 11260 4130 740330.38 7172461.5 591.5306526945013 86.56288545222034 0.0 54891.89 269231.0 171675.0 89177.0 34909.0 9391.0 2032.0 319.0 134.0 141.0 0.0 174138.0 111270.0 64691.0 33568.0 13966.0 5013.0 2319.0 1264.0 624.0 0.0
 1 11260 4131 740330.44 7172474.0 591.5732731594569 86.55051357901225 0.0 54889.55 272899.0 172595.0 89697.0 35378.0 9620.0 2106.0 348.0 145.0 139.0 0.0 181895.0 117477.0 68537.0 35604.0 14673.0 5199.0 2350.0 1247.0 626.0 0.0
 1 11260 4132 740330.5 7172486.5 591.5588261892578 86.51268067079289 0.0 54887.25 275618.0 172688.0 89657.0 35545.0 9761.0 2167.0 376.0 156.0 139.0 0.0 189008.0 123062.0 72180.0 37589.0 15401.0 5404.0 2387.0 1239.0 627.0 0.0
 1 11260 4133 740330.56 7172499.5 591.5413924104273 86.42951637441372 0.0 54885.12 277621.0 172448.0 89363.0 35543.0 9847.0 2221.0 403.0 167.0 139.0 0.0 195324.0 128006.0 75601.0 39472.0 16119.0 5616.0 2430.0 1240.0 627.0 0.0
 1 11260 4134 740330.63 7172512.5 591.5142436555584 86.3143598224788 0.0 54883.05 279099.0 172211.0 89027.0 35475.0 9903.0 2271.0 432.0 179.0 141.0 0.0 200775.0 132413.0 78830.0 41231.0 16796.0 5829.0 2478.0 1252.0 628.0 0.0
 1 11260 4135 740330.69 7172525.5 591.470149801596 86.21785853025689 0.0 54880.79 280215.0 172156.0 88773.0 35408.0 9948.0 2321.0 463.0 193.0 145.0 0.0 205349.0 136437.0 81907.0 42855.0 17412.0 6037.0 2530.0 1272.0 628.0 0.0
 1 11260 4136 740330.75 7172538.5 591.4014734531663 86.21189445959153 0.0 54878.5 281094.0 172342.0 88647.0 35374.0 9992.0 2373.0 498.0 210.0 150.0 0.0 209071.0 140223.0 84862.0 44340.0 17950.0 6236.0 2585.0 1299.0 628.0 0.0
 1 11260 4137 740330.81 7172551.5 591.3005415176075 86.35858842828169 0.0 54876.21 281806.0 172737.0 88646.0 35383.0 10042.0 2428.0 538.0 229.0 157.0 0.0 212016.0 143869.0 87708.0 45683.0 18408.0 6425.0 2640.0 1329.0 628.0 0.0
 1 11260 4138 740330.81 7172564.5 591.158745885848 86.6818482291539 0.0 54873.91 282343.0 173236.0 88727.0 35429.0 10099.0 2489.0 584.0 251.0 167.0 0.0 214314.0 147416.0 90434.0 46883.0 18791.0 6604.0 2694.0 1362.0 628.0 0.0
 1 11260 4139 740330.81 7172577.0 590.9766197186298 87.15796024398735 0.0 54871.61 282609.0 173659.0 88816.0 35497.0 10166.0 2558.0 638.0 275.0 179.0 0.0 216136.0 150842.0 93012.0 47937.0 19112.0 6772.0 2745.0 1396.0 628.0 0.0
 1 11260 4140 740330.81 7172589.0 590.7516882125042 87.72912784981901 0.0 54869.4 282421.0 173751.0 88807.0 35560.0 10242.0 2639.0 700.0 301.0 194.0 0.0 217655.0 154070.0 95400.0 48847.0 19389.0 6930.0 2791.0 1428.0 628.0 0.0
 1 11260 4141 740330.81 7172601.5 590.4718474509812 88.32877404463167 0.0 54867.18 281532.0 173202.0 88563.0 35578.0 10324.0 2733.0 769.0 330.0 212.0 0.0 219004.0 156979.0 97542.0 49618.0 19635.0 7077.0 2831.0 1459.0 627.0 0.0
 1 11260 4142 740330.75 7172614.0 590.1551878634938 88.90194447296619 0.0 54865.19 279669.0 171696.0 87917.0 35499.0 10409.0 2841.0 846.0 362.0 232.0 0.0 220237.0 159417.0 99376.0 50258.0 19860.0 7214.0 2863.0 1485.0 626.0 0.0
 1 11260 4143 740330.69 7172626.5 589.8135398155563 89.41326217235637 0.0 54863.13 276596.0 168971.0 86694.0 35256.0 10491.0 2963.0 927.0 397.0 254.0 0.0 221329.0 161241.0 100840.0 50773.0 20069.0 7339.0 2889.0 1507.0 623.0 0.0
 1 11260 4144 740330.63 7172639.0 589.4576896637343 89.84552696004181 0.0 54861.05 272182.0 164895.0 84746.0 34781.0 10564.0 3094.0 1012.0 435.0 277.0 0.0 222189.0 162348.0 101892.0 51167.0 20265.0 7452.0 2909.0 1523.0 618.0 0.0
 1 11260 4145 740330.5 7172651.5 589.0973832364075 90.19681019501436 0.0 54859.22 266447.0 159500.0 82007.0 34029.0 10618.0 3231.0 1099.0 476.0 299.0 0.0 222704.0 162706.0 102513.0 51440.0 20446.0 7552.0 2925.0 1529.0 611.0 0.0
 1 11260 4146 740330.38 7172664.0 588.74445686069 90.47953217344083 0.0 54857.38 259561.0 152984.0 78530.0 32989.0 10647.0 3370.0 1188.0 520.0 322.0 0.0 222789.0 162351.0 102704.0 51590.0 20613.0 7639.0 2937.0 1525.0 602.0 0.0
 1 11260 4147 740330.25 7172676.5 588.4063025259496 90.71854919053989 0.0 54855.66 251802.0 145663.0 74478.0 31700.0 10644.0 3508.0 1279.0 566.0 344.0 0.0 222430.0 161369.0 102469.0 51614.0 20764.0 7713.0 2948.0 1511.0 590.0 0.0
 1 11260 4148 740330.13 7172689.0 588.031342589596 90.94405203895029 0.0 54854.14 243472.0 137886.0 70088.0 30236.0 10609.0 3644.0 1373.0 614.0 366.0 0.0 221692.0 159866.0 101807.0 51505.0 20901.0 7775.0 2957.0 1487.0 576.0 0.0
 1 11260 4149 740330.0 7172701.5 587.6135803318347 91.18082309597418 0.0 54853.3 234830.0 129962.0 65590.0 28684.0 10545.0 3776.0 1471.0 665.0 388.0 0.0 220693.0 157935.0 100715.0 51253.0 21024.0 7830.0 2967.0 1456.0 561.0 0.0
 1 11260 4150 740329.81 7172714.0 587.1751646311291 91.44031162392298 0.0 54852.05 226053.0 122103.0 61159.0 27121.0 10455.0 3905.0 1573.0 719.0 410.0 0.0 219558.0 155646.0 99196.0 50853.0 21137.0 7884.0 2980.0 1421.0 546.0 0.0
 1 11260 4151 740329.63 7172726.5 586.7401280562891 91.7206779891105 0.0 54850.39 217238.0 114420.0 56888.0 25594.0 10344.0 4031.0 1679.0 776.0 432.0 0.0 218371.0 153055.0 97279.0 50308.0 21243.0 7942.0 2997.0 1387.0 532.0 0.0
 1 11260 4152 740329.44 7172739.0 586.3311692689712 92.01369534875953 0.0 54849.55 208420.0 106944.0 52800.0 24123.0 10213.0 4154.0 1789.0 836.0 456.0 0.0 217157.0 150210.0 95021.0 49638.0 21345.0 8013.0 3024.0 1359.0 522.0 0.0
 1 11260 4153 740329.25 7172751.5 585.9715073380492 92.31192217220215 0.0 54849.06 199607.0 99679.0 48890.0 22715.0 10066.0 4275.0 1904.0 900.0 482.0 0.0 215883.0 147153.0 92501.0 48875.0 21449.0 8105.0 3066.0 1342.0 518.0 0.0
 1 11260 4154 740329.06 7172764.0 585.6842340919403 92.61134266852325 0.0 54848.68 190795.0 92637.0 45148.0 21369.0 9900.0 4393.0 2022.0 966.0 511.0 0.0 214470.0 143926.0 89805.0 48055.0 21558.0 8230.0 3133.0 1343.0 524.0 0.0
 1 11260 4155 740328.88 7172776.5 585.4924901372002 92.90991847647089 0.0 54848.32 181986.0 85858.0 41584.0 20090.0 9717.0 4506.0 2143.0 1036.0 542.0 0.0 212812.0 140562.0 87018.0 47211.0 21679.0 8399.0 3235.0 1368.0 544.0 0.0
 1 11260 4156 740328.69 7172789.0 585.4032209767638 93.20582067865594 0.0 54847.97 173199.0 79409.0 38227.0 18883.0 9515.0 4610.0 2264.0 1105.0 576.0 0.0 210793.0 137088.0 84222.0 46367.0 21816.0 8631.0 3386.0 1426.0 584.0 0.0
 1 11260 4157 740328.5 7172801.5 585.3961885359779 93.49813550631133 0.0 54847.55 164476.0 73363.0 35117.0 17753.0 9293.0 4697.0 2379.0 1173.0 611.0 89.16666666666666 208305.0 133530.0 81488.0 45534.0 21970.0 8939.0 3601.0 1528.0 648.0 89.16666666666666
 1 11260 4158 740328.31 7172813.5 585.4450869201432 93.78835423703863 0.0 54847.0 155878.0 67770.0 32281.0 16699.0 9050.0 4757.0 2482.0 1236.0 646.0 162.34027777777777 205266.0 129908.0 78876.0 44716.0 22139.0 9336.0 3887.0 1677.0 739.0 162.34027777777777
 1 11260 4159 740328.13 7172826.0 585.5319275755263 94.07977710641313 0.0 54846.28 147492.0 62649.0 29726.0 15715.0 8783.0 4782.0 2563.0 1289.0 675.0 233.66666666666666 201623.0 126236.0 76425.0 43914.0 22318.0 9814.0 4241.0 1872.0 854.0 233.66666666666666
 1 11260 4160 740328.0 7172838.5 585.6328633610899 94.37457573541963 0.0 54845.56 139425.0 57986.0 27431.0 14789.0 8493.0 4763.0 2613.0 1331.0 696.0 317.29166666666663 197362.0 122523.0 74142.0 43126.0 22501.0 10353.0 4647.0 2104.0 986.0 317.29166666666663
 1 11260 4161 740327.88 7172851.0 585.7237837542117 94.67140910664871 0.0 54844.88 131802.0 53760.0 25366.0 13912.0 8176.0 4694.0 2627.0 1359.0 705.0 434.91666666666663 192507.0 118770.0 72009.0 42353.0 22679.0 10912.0 5073.0 2355.0 1123.0 434.91666666666663
 1 11260 4162 740327.75 7172863.5 585.7809708496823 94.96683995942138 0.0 54843.8 124764.0 49962.0 23507.0 13078.0 7835.0 4576.0 2603.0 1372.0 703.0 539.0 187124.0 114977.0 69992.0 41595.0 22840.0 11447.0 5485.0 2605.0 1254.0 539.0
 1 11260 4163 740327.63 7172876.0 585.7816015587058 95.26023449950223 0.0 54842.43 118459.0 46607.0 21848.0 12287.0 7468.0 4413.0 2543.0 1370.0 689.0 582.0 181324.0 111144.0 68050.0 40847.0 22972.0 11917.0 5853.0 2835.0 1371.0 582.0
 1 11260 4164 740327.5 7172888.5 585.7218447626459 95.55726593211705 0.0 54841.08 113023.0 43722.0 20397.0 11545.0 7079.0 4211.0 2453.0 1354.0 666.0 596.5138888888888 175247.0 107281.0 66150.0 40104.0 23060.0 12295.0 6157.0 3032.0 1467.0 596.5138888888888
 1 11260 4165 740327.38 7172900.5 585.6250691377359 95.86642716441334 0.0 54839.58 108552.0 41324.0 19167.0 10851.0 6666.0 3976.0 2337.0 1324.0 638.0 619.3888888888888 169036.0 103404.0 64271.0 39356.0 23085.0 12569.0 6390.0 3187.0 1541.0 619.3888888888888
 1 11260 4166 740327.25 7172913.0 585.5007099611396 96.18835929515961 0.0 54837.88 105073.0 39408.0 18161.0 10204.0 6230.0 3713.0 2199.0 1282.0 606.0 647.0 162822.0 99538.0 62400.0 38589.0 23031.0 12733.0 6551.0 3296.0 1594.0 647.0
 1 11260 4167 740327.13 7172925.5 585.3704450862003 96.50590007250374 0.0 54836.15 102535.0 37934.0 17367.0 9597.0 5770.0 3423.0 2038.0 1228.0 573.0 659.0 156708.0 95709.0 60535.0 37788.0 22876.0 12790.0 6645.0 3363.0 1627.0 659.0
 1 11260 4168 740327.0 7172938.0 585.2522929518533 96.78434869960559 0.0 54834.42 100815.0 36841.0 16760.0 9024.0 5293.0 3110.0 1857.0 1165.0 542.0 635.3333333333333 150767.0 91951.0 58681.0 36941.0 22605.0 12739.0 6673.0 3392.0 1644.0 635.3333333333333
 1 11260 4169 740326.88 7172950.0 585.1672850615416 96.98457613367262 0.0 54832.7 99758.0 36055.0 16306.0 8483.0 4810.0 2781.0 1659.0 1094.0 511.0 623.9166666666666 145057.0 88305.0 56849.0 36040.0 22211.0 12584.0 6640.0 3390.0 1647.0 623.9166666666666
 1 11260 4170 740326.81 7172962.0 585.1266284878773 97.08170359204065 0.0 54831.12 99210.0 35514.0 15972.0 7977.0 4340.0 2450.0 1454.0 1019.0 483.0 601.8333333333333 139625.0 84823.0 55055.0 35086.0 21698.0 12336.0 6552.0 3367.0 1641.0 601.8333333333333
 1 11260 4171 740326.75 7172974.0 585.1460957661952 97.07925722061144 0.0 54829.6 99042.0 35175.0 15727.0 7519.0 3909.0 2130.0 1256.0 944.0 456.0 590.8333333333333 134523.0 81564.0 53321.0 34091.0 21086.0 12010.0 6419.0 3332.0 1630.0 590.8333333333333
 1 11260 4172 740326.69 7172986.0 585.2503529232785 97.00730646652673 0.0 54828.08 99160.0 35018.0 15547.0 7121.0 3538.0 1841.0 1082.0 869.0 430.0 561.0 129812.0 78587.0 51664.0 33070.0 20404.0 11632.0 6257.0 3293.0 1618.0 561.0
 1 11260 4173 740326.63 7172998.0 585.4328602244769 96.90427238330953 0.0 54826.52 99500.0 35039.0 15415.0 6798.0 3243.0 1596.0 941.0 798.0 406.0 572.0 125552.0 75934.0 50098.0 32038.0 19684.0 11226.0 6079.0 3256.0 1612.0 572.0
 1 11260 4174 740326.56 7173010.0 585.6666740746155 96.79154673693003 0.0 54825.04 100020.0 35241.0 15322.0 6559.0 3025.0 1405.0 838.0 733.0 383.0 596.0 121795.0 73618.0 48628.0 31009.0 18950.0 10812.0 5901.0 3227.0 1614.0 596.0
 1 11260 4175 740326.5 7173022.5 585.9356536035143 96.65745792631401 0.0 54823.69 100706.0 35620.0 15267.0 6408.0 2878.0 1270.0 770.0 675.0 362.0 639.5 118561.0 71626.0 47250.0 29989.0 18221.0 10405.0 5732.0 3207.0 1628.0 639.5
 1 11260 4176 740326.44 7173035.5 586.2104995142759 96.46592174561201 0.0 54822.32 101558.0 36162.0 15257.0 6344.0 2792.0 1187.0 730.0 624.0 343.0 676.65625 115839.0 69923.0 45956.0 28986.0 17508.0 10011.0 5578.0 3196.0 1655.0 676.65625
 1 11260 4177 740326.44 7173048.0 586.4381151576183 96.19080040636334 0.0 54821.09 102591.0 36839.0 15303.0 6366.0 2759.0 1148.0 711.0 583.0 326.0 718.4375 113595.0 68475.0 44741.0 28003.0 16815.0 9632.0 5441.0 3196.0 1697.0 718.4375
 1 11260 4178 740326.44 7173060.5 586.5990642230411 95.8553818314537 0.0 54819.92 103812.0 37617.0 15419.0 6475.0 2777.0 1147.0 708.0 549.0 312.0 755.5 111796.0 67261.0 43607.0 27047.0 16144.0 9269.0 5321.0 3206.0 1752.0 755.5
 1 11260 4179 740326.44 7173073.0 586.6628234307634 95.54537968508788 0.0 54818.86 105217.0 38456.0 15618.0 6667.0 2851.0 1184.0 721.0 523.0 302.0 788.6875 110425.0 66274.0 42561.0 26130.0 15500.0 8921.0 5215.0 3226.0 1820.0 788.6875
 1 11260 4180 740326.44 7173085.5 586.6224603624898 95.37615747643699 0.0 54817.79 106775.0 39325.0 15910.0 6941.0 2990.0 1260.0 750.0 504.0 296.0 813.0 109485.0 65516.0 41615.0 25267.0 14890.0 8595.0 5125.0 3256.0 1898.0 813.0
 1 11260 4181 740326.44 7173098.0 586.5063181661768 95.42732082138276 0.0 54816.7 108441.0 40199.0 16296.0 7290.0 3201.0 1380.0 799.0 494.0 295.0 861.0 108993.0 64985.0 40784.0 24478.0 14328.0 8298.0 5051.0 3300.0 1986.0 861.0
 1 11260 4182 740326.44 7173110.5 586.3331003192684 95.68609336964869 0.0 54815.93 110168.0 41060.0 16769.0 7703.0 3485.0 1548.0 869.0 493.0 299.0 996.0555555555554 108969.0 64671.0 40081.0 23785.0 13831.0 8043.0 4998.0 3356.0 2083.0 996.0555555555554
 1 11260 4183 740326.44 7173123.0 586.1214864038872 96.04098143656546 0.0 54815.14 111913.0 41902.0 17312.0 8169.0 3836.0 1761.0 960.0 506.0 307.0 1107.8003472222222 109425.0 64560.0 39521.0 23211.0 13421.0 7841.0 4971.0 3428.0 2186.0 1107.8003472222222
 1 11260 4184 740326.38 7173135.5 585.8897033539339 96.33619980327666 0.0 54814.45 113648.0 42717.0 17902.0 8670.0 4240.0 2010.0 1073.0 533.0 318.0 1204.1903935185182 110353.0 64639.0 39113.0 22774.0 13114.0 7704.0 4975.0 3514.0 2295.0 1204.1903935185182
 1 11260 4185 740326.38 7173148.0 585.6571596481109 96.45416673199013 0.0 54813.95 115362.0 43501.0 18514.0 9193.0 4680.0 2285.0 1205.0 579.0 334.0 1323.7345196759256 111706.0 64900.0 38857.0 22484.0 12922.0 7634.0 5011.0 3613.0 2407.0 1323.7345196759256
 1 11260 4186 740326.31 7173160.5 585.4414446831611 96.37202466782624 0.0 54813.22 117051.0 44253.0 19126.0 9720.0 5139.0 2571.0 1352.0 643.0 354.0 1429.0554832175926 113386.0 65329.0 38747.0 22343.0 12846.0 7631.0 5081.0 3721.0 2523.0 1429.0554832175926
 1 11260 4187 740326.25 7173173.0 585.2621857975998 96.15794742406406 0.0 54812.48 118723.0 44974.0 19722.0 10237.0 5598.0 2860.0 1512.0 722.0 380.0 1538.7803096064813 115246.0 65895.0 38764.0 22341.0 12879.0 7689.0 5182.0 3838.0 2641.0 1538.7803096064813
 1 11260 4188 740326.19 7173185.5 585.0996800067039 95.91649788155986 0.0 54811.64 120389.0 45672.0 20289.0 10727.0 6040.0 3141.0 1678.0 813.0 410.0 1587.753761574074 117110.0 66541.0 38884.0 22460.0 13006.0 7800.0 5310.0 3960.0 2761.0 1587.753761574074
 1 11260 4189 740326.13 7173198.0 584.9219945571515 95.72525984440831 0.0 54810.75 122067.0 46358.0 20823.0 11176.0 6451.0 3409.0 1847.0 911.0 443.0 1704.484447337963 118811.0 67194.0 39077.0 22678.0 13209.0 7956.0 5459.0 4088.0 2883.0 1704.484447337963
 1 11260 4190 740326.13 7173210.5 584.73842675144 95.60434592849346 0.0 54809.79 123774.0 47049.0 21322.0 11573.0 6815.0 3661.0 2014.0 1010.0 480.0 1783.0334201388887 120223.0 67774.0 39316.0 22970.0 13472.0 8151.0 5627.0 4223.0 3009.0 1783.0334201388887
 1 11260 4191 740326.06 7173223.0 584.5571319594318 95.52944855263034 0.0 54808.83 125529.0 47760.0 21789.0 11914.0 7126.0 3895.0 2175.0 1107.0 519.0 1880.5416666666665 121280.0 68218.0 39578.0 23313.0 13778.0 8383.0 5813.0 4365.0 3139.0 1880.5416666666665
 1 11260 4192 740326.06 7173235.5 584.3871793398436 95.46659135298626 0.0 54807.9 127351.0 48505.0 22233.0 12201.0 7380.0 4114.0 2327.0 1201.0 558.0 1955.34375 121975.0 68490.0 39843.0 23686.0 14118.0 8651.0 6017.0 4518.0 3275.0 1955.34375
 1 11260 4193 740326.0 7173248.0 584.2376608777245 95.39896022631874 0.0 54807.05 129258.0 49298.0 22665.0 12447.0 7585.0 4318.0 2471.0 1293.0 599.0 2113.2291666666665 122335.0 68575.0 40100.0 24076.0 14485.0 8953.0 6242.0 4682.0 3421.0 2113.2291666666665
 1 11260 4194 740326.0 7173260.5 584.1163195818934 95.33154863976809 0.0 54806.18 131277.0 50150.0 23104.0 12670.0 7756.0 4513.0 2608.0 1386.0 642.0 2266.5 122408.0 68476.0 40342.0 24474.0 14873.0 9288.0 6488.0 4862.0 3580.0 2266.5
 1 11260 4195 740326.06 7173273.0 584.0312781919635 95.27992416252158 0.0 54805.54 133438.0 51078.0 23570.0 12892.0 7911.0 4707.0 2747.0 1488.0 693.0 2397.875 122235.0 68200.0 40567.0 24874.0 15278.0 9650.0 6752.0 5061.0 3757.0 2397.875
 1 11260 4196 740326.13 7173285.5 583.9840978078212 95.25721593740525 0.0 54804.92 135780.0 52104.0 24092.0 13140.0 8074.0 4908.0 2899.0 1611.0 760.0 2649.0 121849.0 67760.0 40778.0 25276.0 15696.0 10035.0 7034.0 5281.0 3957.0 2649.0
 1 11260 4197 740326.13 7173298.0 583.966880347641 95.2673934076562 0.0 54804.34 138338.0 53263.0 24701.0 13442.0 8270.0 5133.0 3083.0 1771.0 858.0 2584.1666666666665 121282.0 67185.0 40983.0 25683.0 16126.0 10439.0 7333.0 5525.0 4180.0 2584.1666666666665
 1 11260 4198 740326.19 7173310.5 583.9723725418261 95.3036651051411 0.0 54803.75 141133.0 54599.0 25434.0 13828.0 8528.0 5401.0 3319.0 1989.0 1002.0 2597.805555555555 120578.0 66530.0 41200.0 26102.0 16575.0 10867.0 7656.0 5797.0 4427.0 2597.805555555555
 1 11260 4199 740326.25 7173323.0 583.9964317982907 95.34948804027601 0.0 54803.23 144164.0 56162.0 26326.0 14329.0 8873.0 5732.0 3632.0 2282.0 1210.0 2596.2916666666665 119810.0 65885.0 41457.0 26551.0 17054.0 11331.0 8021.0 6101.0 4693.0 2596.2916666666665
 1 11260 4200 740326.31 7173335.5 584.0338739698824 95.37973732763436 0.0 54802.71 147408.0 57993.0 27403.0 14968.0 9327.0 6145.0 4039.0 2661.0 1491.0 2486.0 119086.0 65367.0 41794.0 27052.0 17583.0 11852.0 8446.0 6444.0 4973.0 2486.0
 1 11260 4201 740326.38 7173348.0 584.0793691551283 95.36634665282645 0.0 54802.02 150818.0 60106.0 28672.0 15756.0 9902.0 6651.0 4545.0 3123.0 1845.0 2435.0 118552.0 65112.0 42258.0 27631.0 18184.0 12450.0 8954.0 6835.0 5265.0 2435.0
 1 11260 4202 740326.44 7173360.5 584.1278315945087 95.28692330767251 0.0 54801.31 154329.0 62483.0 30121.0 16689.0 10594.0 7254.0 5142.0 3654.0 2261.0 2609.0 118379.0 65254.0 42895.0 28311.0 18873.0 13141.0 9557.0 7283.0 5564.0 2609.0
 1 11260 4203 740326.56 7173373.5 584.1751696722338 95.1303169257487 0.0 54800.54 157858.0 65068.0 31721.0 17746.0 11387.0 7943.0 5805.0 4227.0 2714.0 3007.0 118740.0 65907.0 43740.0 29107.0 19659.0 13931.0 10254.0 7794.0 5870.0 3007.0
 1 11260 4204 740326.69 7173386.0 584.2265685069652 94.89502900088685 0.0 54799.73 161300.0 67786.0 33432.0 18899.0 12256.0 8699.0 6502.0 4810.0 3171.0 3733.5 119783.0 67141.0 44807.0 30022.0 20541.0 14812.0 11032.0 8365.0 6185.0 3733.5
 1 11260 4205 740326.81 7173398.5 584.2940944248123 94.58329471612561 0.0 54798.86 164531.0 70550.0 35217.0 20120.0 13176.0 9495.0 7196.0 5369.0 3601.0 4497.0 121579.0 68963.0 46082.0 31044.0 21511.0 15766.0 11871.0 8986.0 6506.0 4497.0
 1 11260 4206 740327.0 7173411.0 584.37447818821 94.19816257820885 0.0 54797.94 167432.0 73283.0 37049.0 21387.0 14126.0 10304.0 7856.0 5876.0 3975.0 5397.0 124087.0 71307.0 47530.0 32155.0 22560.0 16775.0 12746.0 9638.0 6825.0 5397.0
 1 11260 4207 740327.25 7173424.0 584.4686640965995 93.74868535967487 0.0 54797.01 169912.0 75931.0 38911.0 22686.0 15091.0 11097.0 8458.0 6310.0 4272.0 5131.0 127151.0 74048.0 49103.0 33331.0 23681.0 17821.0 13637.0 10298.0 7134.0 5131.0
 1 11260 4208 740327.44 7173436.5 584.5660452666489 93.26004965178939 0.0 54796.17 171935.0 78468.0 40798.0 24011.0 16067.0 11855.0 8987.0 6659.0 4480.0 4940.166666666666 130532.0 77025.0 50756.0 34553.0 24872.0 18893.0 14532.0 10945.0 7423.0 4940.166666666666
 1 11260 4209 740327.63 7173449.0 584.6665755963554 92.77724513720564 0.0 54795.33 173530.0 80888.0 42713.0 25366.0 17048.0 12564.0 9435.0 6919.0 4597.0 4751.0 133980.0 80079.0 52453.0 35808.0 26130.0 19984.0 15424.0 11568.0 7684.0 4751.0
 1 11260 4210 740327.81 7173462.0 584.7705982217407 92.35386200908249 0.0 54794.54 174776.0 83197.0 44661.0 26760.0 18033.0 13217.0 9802.0 7089.0 4623.0 4490.0 137301.0 83086.0 54170.0 37092.0 27454.0 21093.0 16312.0 12159.0 7915.0 4490.0
 1 11260 4211 740328.06 7173475.0 584.870484459682 92.02987128491985 0.0 54793.74 175773.0 85394.0 46649.0 28203.0 19019.0 13811.0 10091.0 7173.0 4563.0 4503.0 140390.0 85970.0 55897.0 38414.0 28840.0 22224.0 17195.0 12720.0 8121.0 4503.0
 1 11260 4212 740328.31 7173488.0 584.9745472025147 91.81259389997257 0.0 54792.91 176614.0 87470.0 48680.0 29703.0 20001.0 14342.0 10301.0 7174.0 4423.0 4509.305555555555 143223.0 88700.0 57628.0 39782.0 30282.0 23380.0 18074.0 13257.0 8307.0 4509.305555555555
 1 11260 4213 740328.56 7173501.0 585.0863719347602 91.6752093060844 0.0 54792.09 177374.0 89411.0 50757.0 31262.0 20972.0 14808.0 10432.0 7090.0 4212.0 4502.788194444443 145822.0 91280.0 59358.0 41207.0 31767.0 24562.0 18948.0 13772.0 8476.0 4502.788194444443
 1 11260 4214 740328.75 7173514.0 585.2012284830396 91.57640387615776 0.0 54791.27 178110.0 91217.0 52880.0 32874.0 21925.0 15203.0 10482.0 6924.0 3940.0 4495.473379629629 148226.0 93726.0 61084.0 42691.0 33280.0 25759.0 19806.0 14263.0 8631.0 4495.473379629629
 1 11260 4215 740328.94 7173527.0 585.3147464598267 91.4862446579173 0.0 54790.46 178863.0 92901.0 55046.0 34524.0 22848.0 15526.0 10456.0 6680.0 3623.0 4480.883969907407 150469.0 96058.0 62796.0 44224.0 34788.0 26944.0 20627.0 14718.0 8764.0 4480.883969907407
 1 11260 4216 740329.06 7173540.0 585.4227017024544 91.39704752821376 0.0 54789.65 179667.0 94494.0 57244.0 36186.0 23728.0 15774.0 10362.0 6365.0 3280.0 4444.0625 152580.0 98288.0 64482.0 45778.0 36238.0 28059.0 21367.0 15107.0 8860.0 4444.0625
 1 11260 4217 740329.19 7173552.5 585.5171529910937 91.31174301290058 0.0 54788.89 180546.0 96034.0 59449.0 37822.0 24544.0 15949.0 10214.0 5995.0 2930.0 4452.875 154590.0 100426.0 66129.0 47305.0 37546.0 29014.0 21955.0 15377.0 8888.0 4452.875
 1 11260 4218 740329.31 7173564.5 585.5956645476552 91.22443483011969 0.0 54788.17 181514.0 97555.0 61613.0 39378.0 25267.0 16050.0 10029.0 5585.0 2592.0 4583.90625 156532.0 102472.0 67723.0 48736.0 38603.0 29692.0 22293.0 15456.0 8802.0 4583.90625
 1 11260 4219 740329.44 7173577.0 585.6595375193001 91.11568837436685 0.0 54787.47 182576.0 99077.0 63664.0 40788.0 25860.0 16076.0 9821.0 5150.0 2276.0 4691.0 158441.0 104429.0 69252.0 49988.0 39286.0 29967.0 22276.0 15262.0 8550.0 4691.0
 1 11260 4220 740329.56 7173589.5 585.6798104801111 90.97167505435557 0.0 54786.8 183726.0 100598.0 65515.0 41981.0 26293.0 16027.0 9602.0 4700.0 1986.0 4628.0 160350.0 106304.0 70711.0 50974.0 39491.0 29732.0 21808.0 14724.0 8087.0 4628.0
 1 11260 4221 740329.69 7173602.0 585.6612052524242 90.81241840286657 0.0 54786.1 184956.0 102095.0 67083.0 42904.0 26543.0 15909.0 9382.0 4247.0 1724.0 4127.0 162295.0 108115.0 72101.0 51638.0 39158.0 28931.0 20839.0 13805.0 7397.0 4127.0
 1 11260 4222 740329.75 7173614.5 585.6211305220804 90.70097203109935 0.0 54785.46 186245.0 103537.0 68313.0 43536.0 26614.0 15735.0 9168.0 3801.0 1487.0 3027.0 164316.0 109895.0 73431.0 51963.0 38282.0 27567.0 19377.0 12524.0 6502.0 3027.0
 1 11260 4223 740329.81 7173627.0 585.5755973432174 90.71816482480605 0.0 54784.95 187550.0 104896.0 69191.0 43894.0 26529.0 15526.0 8965.0 3382.0 1281.0 2395.833333333333 166463.0 111690.0 74717.0 51985.0 36923.0 25711.0 17493.0 10959.0 5470.0 2395.833333333333
 1 11260 4224 740329.88 7173639.5 585.5410776318395 90.91645574447111 0.0 54784.43 188801.0 106151.0 69739.0 44031.0 26333.0 15303.0 8778.0 3018.0 1116.0 1279.0 168797.0 113561.0 75989.0 51777.0 35187.0 23484.0 15311.0 9222.0 4387.0 1279.0
 1 11260 4225 740329.94 7173652.0 585.5343716532146 91.28550818460477 0.0 54783.96 189899.0 107288.0 69994.0 44013.0 26076.0 15089.0 8610.0 2749.0 1013.0 700.0 171377.0 115575.0 77295.0 51434.0 33222.0 21043.0 12981.0 7442.0 3344.0 700.0
 1 11260 4226 740330.0 7173664.5 585.5719364288218 91.75586805114175 0.0 54783.66 190733.0 108282.0 69982.0 43901.0 25804.0 14901.0 8461.0 2623.0 1000.0 352.0 174238.0 117802.0 78710.0 51064.0 31197.0 18559.0 10657.0 5736.0 2410.0 352.0
 1 11260 4227 740330.0 7173677.0 585.6702889547721 92.2393059306643 0.0 54783.42 191214.0 109093.0 69714.0 43734.0 25549.0 14749.0 8326.0 2680.0 1100.0 242.0 177371.0 120306.0 80319.0 50779.0 29288.0 16202.0 8485.0 4196.0 1627.0 242.0
 1 11260 4228 740330.06 7173689.5 585.8203162808879 92.67702971464499 0.0 54783.5 191304.0 109668.0 69185.0 43520.0 25320.0 14632.0 8197.0 2934.0 1323.0 0.0 180707.0 123130.0 82199.0 50691.0 27653.0 14121.0 6584.0 2888.0 1012.0 0.0
 1 11260 4229 740330.0 7173702.0 586.0086094714134 93.06345292843326 0.0 54783.59 191019.0 109959.0 68387.0 43231.0 25101.0 14541.0 8062.0 3362.0 1653.0 0.0 184133.0 126293.0 84394.0 50896.0 26413.0 12432.0 5042.0 1853.0 561.0 0.0
 1 11260 4230 740329.94 7173714.5 586.220471657171 93.43143067265517 0.0 54783.68 190417.0 109926.0 67313.0 42796.0 24849.0 14453.0 7905.0 3904.0 2049.0 0.0 187519.0 129769.0 86890.0 51451.0 25640.0 11204.0 3912.0 1108.0 263.0 0.0
 1 11260 4231 740329.88 7173727.0 586.4428943456402 93.81358786072309 0.0 54783.84 189570.0 109547.0 65960.0 42109.0 24495.0 14330.0 7709.0 4471.0 2454.0 0.0 190746.0 133462.0 89621.0 52355.0 25349.0 10456.0 3204.0 650.0 100.0 0.0
 1 11260 4232 740329.81 7173739.5 586.6630641836764 94.21026206922475 0.0 54783.85 188548.0 108818.0 64327.0 41044.0 23951.0 14120.0 7462.0 4973.0 2812.0 37.322530864197525 193720.0 137179.0 92472.0 53546.0 25499.0 10161.0 2899.0 461.0 53.0 37.322530864197525
 1 11260 4233 740329.75 7173752.0 586.8674154298814 94.58567382532296 0.0 54783.79 187424.0 107772.0 62431.0 39495.0 23128.0 13761.0 7154.0 5339.0 3084.0 82.47222222222221 196379.0 140640.0 95293.0 54902.0 26001.0 10254.0 2944.0 508.0 103.0 82.47222222222221
 1 11260 4234 740329.75 7173764.5 587.0414282576567 94.88795813205235 0.0 54783.34 186304.0 106498.0 60316.0 37407.0 21957.0 13197.0 6788.0 5529.0 3250.0 132.54346707818928 198693.0 143529.0 97906.0 56269.0 26728.0 10641.0 3266.0 746.0 232.0 132.54346707818928
 1 11260 4235 740329.75 7173777.0 587.1735997296256 95.07684706178627 0.0 54782.63 185368.0 105168.0 58069.0 34815.0 20414.0 12395.0 6374.0 5527.0 3306.0 184.16666666666666 200673.0 145609.0 100118.0 57480.0 27533.0 11209.0 3772.0 1118.0 418.0 184.16666666666666
 1 11260 4236 740329.75 7173789.5 587.2595378704642 95.14505229043421 0.0 54781.93 184902.0 104046.0 55825.0 31845.0 18534.0 11363.0 5927.0 5339.0 3258.0 233.97222222222223 202376.0 146813.0 101738.0 58376.0 28267.0 11836.0 4360.0 1556.0 638.0 233.97222222222223
 1 11260 4237 740329.69 7173802.0 587.3103253034218 95.12567568422854 0.0 54781.0 185307.0 103463.0 53760.0 28697.0 16409.0 10149.0 5461.0 4985.0 3119.0 315.4079861111111 203898.0 147277.0 102613.0 58819.0 28801.0 12410.0 4933.0 1994.0 864.0 315.4079861111111
 1 11260 4238 740329.63 7173814.5 587.3351453364918 95.08429647159194 0.0 54780.08 187044.0 103776.0 52077.0 25604.0 14173.0 8832.0 4985.0 4503.0 2903.0 387.9231770833333 205350.0 147261.0 102657.0 58712.0 29040.0 12840.0 5411.0 2376.0 1073.0 387.9231770833333
 1 11260 4239 740329.56 7173827.0 587.3450503637483 95.09426341422528 0.0 54779.15 190523.0 105296.0 50968.0 22792.0 11972.0 7500.0 4501.0 3940.0 2629.0 466.29600694444446 206829.0 147048.0 101888.0 58008.0 28931.0 13073.0 5748.0 2668.0 1250.0 466.29600694444446
 1 11260 4240 740329.5 7173839.5 587.3505154043279 95.19694415499771 0.0 54778.31 195962.0 108216.0 50587.0 20439.0 9940.0 6233.0 4013.0 3355.0 2317.0 538.2916666666666 208394.0 146854.0 100435.0 56731.0 28465.0 13089.0 5930.0 2862.0 1386.0 538.2916666666666
 1 11260 4241 740329.44 7173852.0 587.3627338899528 95.36294623773234 0.0 54777.64 203276.0 112547.0 51014.0 18654.0 8179.0 5093.0 3527.0 2801.0 1989.0 626.1666666666666 210057.0 146815.0 98526.0 54970.0 27672.0 12902.0 5968.0 2966.0 1483.0 626.1666666666666
 1 11260 4242 740329.44 7173864.5 587.3918356695376 95.48313912703057 0.0 54776.91 212064.0 118098.0 52245.0 17474.0 6746.0 4117.0 3053.0 2319.0 1665.0 687.5624999999998 211805.0 147020.0 96446.0 52879.0 26611.0 12543.0 5885.0 2997.0 1543.0 687.5624999999998
 1 11260 4243 740329.44 7173877.0 587.4492807098939 95.40768618086578 0.0 54776.17 221709.0 124506.0 54190.0 16871.0 5647.0 3319.0 2608.0 1926.0 1365.0 741.0 213624.0 147550.0 94481.0 50642.0 25363.0 12051.0 5709.0 2970.0 1567.0 741.0
 1 11260 4244 740329.44 7173889.5 587.5309474432735 95.02108517792794 0.0 54775.43 231556.0 131319.0 56700.0 16773.0 4854.0 2685.0 2204.0 1622.0 1103.0 805.0 215516.0 148486.0 92862.0 48441.0 24014.0 11468.0 5465.0 2894.0 1554.0 805.0
 1 11260 4245 740329.44 7173902.0 587.629077091489 94.31178414652385 0.0 54774.56 241077.0 138099.0 59587.0 17085.0 4313.0 2189.0 1850.0 1388.0 888.0 626.8611111111111 217505.0 149896.0 91733.0 46427.0 22646.0 10831.0 5174.0 2773.0 1500.0 626.8611111111111
 1 11260 4246 740329.44 7173914.5 587.7384135330041 93.39213361469844 0.0 54773.6 249959.0 144503.0 62658.0 17705.0 3971.0 1798.0 1545.0 1203.0 719.0 596.7048611111111 219623.0 151809.0 91155.0 44708.0 21330.0 10172.0 4854.0 2610.0 1405.0 596.7048611111111
 1 11260 4247 740329.44 7173927.0 587.8537006462819 92.45179357420638 0.0 54772.46 258075.0 150313.0 65725.0 18536.0 3785.0 1484.0 1284.0 1049.0 589.0 467.5824652777777 221897.0 154211.0 91138.0 43343.0 20125.0 9519.0 4521.0 2411.0 1274.0 467.5824652777777
 1 11260 4248 740329.5 7173939.5 587.9686801490975 91.66995047070749 0.0 54771.18 265402.0 155409.0 68611.0 19485.0 3718.0 1227.0 1061.0 912.0 487.0 391.29166666666663 224329.0 157053.0 91664.0 42362.0 19072.0 8896.0 4188.0 2189.0 1118.0 391.29166666666663
 1 11260 4249 740329.56 7173952.0 588.0790230243412 91.13777847123164 0.0 54770.0 271910.0 159708.0 71149.0 20462.0 3741.0 1016.0 868.0 784.0 403.0 265.8203125 226897.0 160264.0 92702.0 41768.0 18195.0 8317.0 3864.0 1959.0 953.0 265.8203125
 1 11260 4250 740329.63 7173964.5 588.1793557518968 90.83443041293121 0.0 54768.96 277500.0 163113.0 73180.0 21383.0 3822.0 842.0 701.0 661.0 328.0 192.6736111111111 229561.0 163760.0 94203.0 41545.0 17500.0 7794.0 3557.0 1735.0 793.0 192.6736111111111
 1 11260 4251 740329.69 7173977.0 588.2659516980613 90.66395225146054 0.0 54767.99 281983.0 165483.0 74558.0 22167.0 3928.0 697.0 554.0 543.0 259.0 88.50607638888887 232270.0 167445.0 96093.0 41665.0 16975.0 7326.0 3271.0 1530.0 650.0 88.50607638888887
 1 11260 4252 740329.75 7173989.0 588.3494210039271 90.52294158550893 0.0 54767.3 285119.0 166649.0 75161.0 22741.0 4028.0 576.0 428.0 429.0 195.0 0.0 234983.0 171203.0 98258.0 42086.0 16601.0 6914.0 3010.0 1349.0 529.0 0.0
 1 11260 4253 740329.81 7174001.0 588.4369150614957 90.35498765960212 0.0 54767.02 286690.0 166455.0 74900.0 23046.0 4097.0 473.0 319.0 324.0 137.0 0.0 237665.0 174902.0 100559.0 42756.0 16355.0 6555.0 2775.0 1194.0 433.0 0.0
 1 11260 4254 740329.88 7174013.0 588.5255958912476 90.16572000401796 0.0 54766.96 286586.0 164825.0 73737.0 23040.0 4120.0 383.0 228.0 232.0 89.0 0.0 240300.0 178387.0 102840.0 43608.0 16214.0 6248.0 2569.0 1065.0 360.0 0.0
 1 11260 4255 740329.94 7174025.0 588.613064680724 90.00117599492549 0.0 54767.3 284876.0 161833.0 71719.0 22705.0 4089.0 301.0 154.0 156.0 54.0 0.0 242877.0 181505.0 104946.0 44569.0 16156.0 5989.0 2391.0 960.0 309.0 0.0
 1 11260 4256 740330.0 7174037.0 588.6964234435395 89.91162026148895 0.0 54767.93 281838.0 157736.0 68997.0 22055.0 4003.0 225.0 96.0 100.0 32.0 0.0 245387.0 184116.0 106752.0 45562.0 16161.0 5778.0 2243.0 875.0 274.0 0.0
 1 11260 4257 740330.06 7174049.0 588.7729102344616 89.92314926635248 0.0 54768.83 277927.0 152959.0 65817.0 21132.0 3864.0 152.0 52.0 65.0 24.0 0.0 247821.0 186134.0 108183.0 46521.0 16213.0 5607.0 2121.0 810.0 254.0 0.0
 1 11260 4258 740330.19 7174062.0 588.8439957832717 90.02704252382696 0.0 54770.07 273687.0 148008.0 62476.0 20002.0 3672.0 80.0 19.0 48.0 27.0 0.0 250165.0 187541.0 109226.0 47393.0 16294.0 5472.0 2023.0 761.0 243.0 0.0
 1 11260 4259 740330.31 7174074.5 588.8983814579002 90.18759145069154 0.0 54771.53 269629.0 143353.0 59243.0 18742.0 3427.0 7.0 -6.0 46.0 38.0 0.0 252407.0 188394.0 109925.0 48152.0 16393.0 5365.0 1945.0 725.0 238.0 0.0
 1 11260 4260 740330.38 7174087.0 588.9362056911766 90.36296251124897 0.0 54773.22 266144.0 139323.0 56303.0 17419.0 3128.0 -66.0 -26.0 51.0 54.0 0.0 254539.0 188806.0 110359.0 48786.0 16499.0 5280.0 1882.0 699.0 236.0 0.0
 1 11260 4261 740330.44 7174099.5 588.9590775190386 90.52806084904333 0.0 54775.47 263461.0 136068.0 53732.0 16089.0 2778.0 -139.0 -42.0 61.0 73.0 0.0 256555.0 188909.0 110612.0 49293.0 16601.0 5211.0 1831.0 680.0 235.0 0.0
 1 11260 4262 740330.5 7174112.0 588.9712274490533 90.68456112968471 0.0 54777.98 261652.0 133582.0 51528.0 14796.0 2388.0 -209.0 -57.0 71.0 93.0 0.0 258445.0 188824.0 110753.0 49671.0 16690.0 5151.0 1788.0 664.0 235.0 0.0
 1 11260 4263 740330.56 7174124.5 588.9770837362576 90.85215233492495 0.0 54781.0 260688.0 131768.0 49655.0 13575.0 1977.0 -274.0 -71.0 79.0 113.0 0.0 260197.0 188650.0 110820.0 49918.0 16757.0 5094.0 1750.0 649.0 235.0 0.0
 1 11260 4264 740330.63 7174137.0 588.9809442744984 91.04556737439479 0.0 54784.43 260489.0 130502.0 48087.0 12460.0 1571.0 -329.0 -82.0 85.0 133.0 0.0 261792.0 188454.0 110825.0 50030.0 16796.0 5036.0 1715.0 634.0 234.0 0.0
 1 11260 4265 740330.63 7174149.5 588.9891248104186 91.25172912690425 0.0 54788.2 260965.0 129678.0 46831.0 11485.0 1198.0 -373.0 -90.0 89.0 153.0 0.0 263219.0 188284.0 110755.0 50008.0 16802.0 4973.0 1681.0 619.0 232.0 0.0
 1 11260 4266 740330.63 7174162.0 589.0048511670168 91.42422873241648 0.0 54792.45 262035.0 129237.0 45924.0 10683.0 882.0 -402.0 -95.0 92.0 171.0 0.0 264480.0 188172.0 110575.0 49854.0 16772.0 4903.0 1648.0 603.0 229.0 0.0
 1 11260 4267 740330.56 7174174.5 589.0340422224599 91.50039585110922 0.0 54796.88 263629.0 129184.0 45419.0 10077.0 638.0 -417.0 -96.0 95.0 188.0 0.0 265595.0 188135.0 110239.0 49570.0 16701.0 4827.0 1616.0 587.0 225.0 0.0
 1 11260 4268 740330.5 7174187.0 589.0491174926949 91.43432138985128 0.0 54801.63 265681.0 129600.0 45387.0 9688.0 467.0 -419.0 -94.0 98.0 203.0 0.0 266597.0 188182.0 109690.0 49155.0 16583.0 4746.0 1584.0 570.0 218.0 0.0
 1 11260 4269 740330.44 7174199.5 589.0408714499076 91.22760555853466 0.0 54806.64 268127.0 130651.0 45910.0 9530.0 367.0 -411.0 -91.0 102.0 215.0 0.0 267524.0 188322.0 108879.0 48602.0 16411.0 4661.0 1552.0 553.0 210.0 0.0
 1 11260 4270 740330.44 7174212.0 589.0244743802679 90.93946426671872 0.0 54811.65 270913.0 132566.0 47082.0 9619.0 326.0 -397.0 -87.0 106.0 223.0 0.0 268410.0 188574.0 107790.0 47910.0 16177.0 4572.0 1519.0 536.0 201.0 0.0
 1 11260 4271 740330.38 7174224.5 589.0177232785753 90.66806146514818 0.0 54817.01 274008.0 135586.0 48996.0 9968.0 332.0 -378.0 -85.0 111.0 226.0 0.0 269277.0 188969.0 106462.0 47089.0 15878.0 4480.0 1487.0 519.0 190.0 0.0
 1 11260 4272 740330.38 7174237.0 589.0356073519291 90.5069215457447 0.0 54822.37 277394.0 139887.0 51721.0 10591.0 377.0 -357.0 -86.0 115.0 224.0 0.0 270138.0 189553.0 105012.0 46178.0 15519.0 4386.0 1453.0 502.0 178.0 0.0
 1 11260 4273 740330.31 7174249.5 589.0949297059354 90.49455467355872 0.0 54827.74 281046.0 145493.0 55264.0 11491.0 449.0 -336.0 -91.0 119.0 218.0 0.0 270996.0 190373.0 103632.0 45239.0 15111.0 4289.0 1418.0 485.0 165.0 0.0
 1 11260 4274 740330.31 7174262.0 589.2118880838331 90.5853014293662 0.0 54833.14 284908.0 152232.0 59545.0 12653.0 545.0 -315.0 -99.0 122.0 206.0 0.0 271852.0 191470.0 102558.0 44359.0 14673.0 4190.0 1383.0 468.0 151.0 0.0
 1 11260 4275 740330.25 7174274.5 589.4027931829129 90.66393775441134 0.0 54838.55 288876.0 159732.0 64384.0 14043.0 661.0 -295.0 -112.0 123.0 192.0 0.0 272702.0 192859.0 102019.0 43622.0 14228.0 4091.0 1346.0 451.0 136.0 0.0
 1 11260 4276 740330.19 7174287.0 589.7076066394017 90.60380856441014 0.0 54843.95 292807.0 167480.0 69518.0 15606.0 804.0 -274.0 -127.0 122.0 176.0 0.0 273543.0 194526.0 102177.0 43093.0 13800.0 3994.0 1310.0 435.0 121.0 0.0
 1 11260 4277 740330.13 7174299.5 590.1214609306473 90.34038876176122 0.0 54849.0 296539.0 174913.0 74633.0 17276.0 981.0 -254.0 -144.0 120.0 159.0 0.0 274370.0 196423.0 103086.0 42810.0 13410.0 3901.0 1274.0 419.0 106.0 0.0
 1 11260 4278 740330.06 7174312.0 590.6072532150836 89.91779331589359 0.0 54854.0 299919.0 181524.0 79421.0 18978.0 1205.0 -235.0 -163.0 116.0 141.0 0.0 275182.0 198470.0 104685.0 42774.0 13075.0 3813.0 1240.0 403.0 91.0 0.0
 1 11260 4279 740330.0 7174324.5 591.1276701995276 89.47690995033844 0.0 54858.84 302829.0 186956.0 83632.0 20646.0 1485.0 -215.0 -182.0 111.0 125.0 0.0 275974.0 200577.0 106818.0 42962.0 12804.0 3730.0 1208.0 389.0 76.0 0.0
 1 11260 4280 740329.88 7174337.0 591.646184866198 89.18780812498233 0.0 54863.38 305200.0 191057.0 87110.0 22226.0 1821.0 -196.0 -201.0 105.0 110.0 0.0 276747.0 202655.0 109282.0 43334.0 12598.0 3652.0 1180.0 375.0 62.0 0.0
 1 11260 4281 740329.75 7174349.5 592.1251476687078 89.16456142062178 0.0 54867.9 307026.0 193877.0 89804.0 23676.0 2205.0 -176.0 -218.0 97.0 97.0 0.0 277501.0 204636.0 111873.0 43842.0 12454.0 3578.0 1155.0 361.0 50.0 0.0
 1 11260 4282 740329.56 7174362.0 592.5280002527073 89.4130969128416 0.0 54872.35 308348.0 195620.0 91756.0 24965.0 2620.0 -157.0 -232.0 89.0 87.0 0.0 278238.0 206479.0 114427.0 44445.0 12363.0 3510.0 1134.0 350.0 40.0 0.0
 1 11260 4283 740329.38 7174374.5 592.815513424485 89.83990917472114 0.0 54877.12 309247.0 196555.0 93066.0 26073.0 3041.0 -138.0 -244.0 79.0 80.0 0.0 278960.0 208169.0 116829.0 45107.0 12319.0 3447.0 1118.0 340.0 35.0 0.0
 1 11260 4284 740329.19 7174387.0 593.0001174809269 90.31013557399925 0.0 54882.33 309811.0 196940.0 93860.0 26992.0 3446.0 -118.0 -254.0 68.0 75.0 0.0 279669.0 209712.0 119019.0 45807.0 12318.0 3392.0 1105.0 333.0 34.0 0.0
 1 11260 4285 740329.0 7174399.5 593.1173452391682 90.71532093286316 0.0 54887.91 310129.0 196975.0 94263.0 27725.0 3817.0 -98.0 -261.0 57.0 72.0 0.0 280366.0 211128.0 120977.0 46537.0 12361.0 3349.0 1096.0 330.0 38.0 0.0
 1 11260 4286 740328.81 7174412.0 593.1810110399143 91.01269155492639 0.0 54894.18 310275.0 196779.0 94382.0 28287.0 4143.0 -78.0 -265.0 47.0 70.0 0.0 281051.0 212437.0 122717.0 47298.0 12456.0 3321.0 1091.0 334.0 48.0 0.0
 1 11260 4287 740328.63 7174424.5 593.204939253309 91.22348801309563 0.0 54900.62 310312.0 196420.0 94303.0 28700.0 4421.0 -57.0 -267.0 37.0 70.0 0.0 281724.0 213659.0 124272.0 48098.0 12607.0 3312.0 1089.0 345.0 63.0 0.0
 1 11260 4288 740328.38 7174437.0 593.2050997576707 91.40301418303498 0.0 54907.47 310285.0 195942.0 94105.0 28991.0 4654.0 -34.0 -267.0 30.0 70.0 0.0 282382.0 214811.0 125682.0 48945.0 12819.0 3325.0 1091.0 363.0 82.0 0.0
 1 11260 4289 740328.13 7174449.0 593.1949360176203 91.60400186200067 0.0 54914.42 310233.0 195401.0 93855.0 29187.0 4847.0 -11.0 -264.0 24.0 71.0 0.0 283025.0 215904.0 126988.0 49844.0 13088.0 3358.0 1098.0 390.0 105.0 0.0
 1 11260 4290 740327.88 7174461.5 593.1875098796112 91.84981327660168 0.0 54921.15 310192.0 194887.0 93621.0 29311.0 5007.0 14.0 -260.0 20.0 72.0 0.0 283653.0 216949.0 128224.0 50796.0 13406.0 3409.0 1108.0 422.0 129.0 0.0
 1 11260 4291 740327.63 7174473.5 593.1975946931735 92.12375439274237 0.0 54927.54 310204.0 194522.0 93464.0 29385.0 5139.0 40.0 -254.0 16.0 73.0 0.0 284265.0 217954.0 129417.0 51794.0 13760.0 3472.0 1121.0 457.0 154.0 0.0
 1 11260 4292 740327.44 7174485.5 593.2055359168429 92.37538047250484 0.0 54933.1 310317.0 194435.0 93429.0 29426.0 5243.0 68.0 -246.0 14.0 75.0 0.0 284860.0 218928.0 130588.0 52825.0 14136.0 3541.0 1134.0 491.0 176.0 0.0
 1 11260 4293 740327.25 7174497.5 593.1909827161239 92.54157127687444 0.0 54937.94 310576.0 194724.0 93543.0 29446.0 5324.0 98.0 -238.0 12.0 76.0 0.0 285431.0 219885.0 131751.0 53869.0 14518.0 3610.0 1144.0 520.0 195.0 0.0
 1 11260 4294 740327.0 7174509.5 593.1629979972205 92.57489935285932 0.0 54942.37 311016.0 195432.0 93812.0 29458.0 5383.0 130.0 -230.0 10.0 77.0 0.0 285971.0 220837.0 132918.0 54902.0 14895.0 3674.0 1147.0 538.0 206.0 0.0
 1 11260 4295 740326.75 7174521.5 593.1288025879908 92.46604668536371 0.0 54946.36 311644.0 196537.0 94227.0 29473.0 5423.0 166.0 -221.0 8.0 78.0 0.0 286472.0 221803.0 134098.0 55894.0 15255.0 3729.0 1141.0 543.0 210.0 0.0
 1 11260 4296 740326.56 7174533.5 593.0955391190615 92.2480828780203 0.0 54950.36 312442.0 197974.0 94774.0 29511.0 5453.0 204.0 -211.0 6.0 78.0 0.0 286934.0 222809.0 135293.0 56817.0 15592.0 3775.0 1123.0 531.0 204.0 0.0
 1 11260 4297 740326.38 7174545.5 593.0719108800653 91.97712422521894 0.0 54954.08 313378.0 199660.0 95452.0 29605.0 5484.0 245.0 -203.0 4.0 78.0 0.0 287363.0 223891.0 136497.0 57642.0 15903.0 3812.0 1092.0 505.0 192.0 0.0
 1 11260 4298 740326.19 7174557.5 593.0661119024604 91.70031534064917 0.0 54957.59 314417.0 201524.0 96283.0 29799.0 5532.0 289.0 -194.0 2.0 79.0 0.0 287776.0 225094.0 137693.0 58354.0 16191.0 3841.0 1050.0 465.0 173.0 0.0
 1 11260 4299 740326.06 7174570.0 593.086335168024 91.43281390923053 0.0 54960.88 315534.0 203519.0 97315.0 30149.0 5611.0 334.0 -186.0 1.0 79.0 0.0 288190.0 226470.0 138847.0 58954.0 16464.0 3862.0 1000.0 415.0 149.0 0.0
 1 11260 4300 740325.94 7174583.0 593.1351307947695 91.15920649459478 0.0 54963.33 316716.0 205622.0 98622.0 30713.0 5738.0 382.0 -178.0 0.0 79.0 0.0 288625.0 228072.0 139930.0 59471.0 16735.0 3877.0 943.0 360.0 124.0 0.0
 1 11260 4301 740325.88 7174595.5 593.1885725535222 90.85670285356481 0.0 54964.68 317960.0 207835.0 100289.0 31544.0 5922.0 433.0 -170.0 0.0 80.0 0.0 289094.0 229945.0 140942.0 59967.0 17021.0 3889.0 884.0 301.0 97.0 0.0
 1 11260 4302 740325.81 7174608.0 593.2523186780754 90.52226069328643 0.0 54964.9 319260.0 210174.0 102388.0 32669.0 6167.0 486.0 -161.0 1.0 80.0 0.0 289616.0 232112.0 141958.0 60537.0 17342.0 3901.0 824.0 242.0 70.0 0.0
 1 11260 4303 740325.75 7174620.5 593.3304532096571 90.18557324962478 0.0 54963.99 320604.0 212665.0 104953.0 34090.0 6472.0 540.0 -150.0 3.0 80.0 0.0 290213.0 234562.0 143152.0 61294.0 17722.0 3915.0 768.0 183.0 43.0 0.0
 1 11260 4304 740325.69 7174633.0 593.427443064557 89.90116563260274 0.0 54962.18 321965.0 215317.0 107950.0 35762.0 6829.0 597.0 -136.0 5.0 81.0 0.0 290916.0 237233.0 144796.0 62361.0 18183.0 3936.0 715.0 129.0 17.0 0.0
 1 11260 4305 740325.63 7174645.5 593.5476697403902 89.72690060098715 0.0 54959.64 323305.0 218096.0 111254.0 37595.0 7225.0 654.0 -121.0 8.0 82.0 0.0 291758.0 240007.0 147198.0 63850.0 18740.0 3966.0 668.0 80.0 -7.0 0.0
 1 11260 4306 740325.56 7174658.0 593.6955968044963 89.70232632816658 0.0 54956.91 324579.0 220903.0 114654.0 39457.0 7638.0 710.0 -105.0 11.0 82.0 0.0 292758.0 242739.0 150607.0 65844.0 19402.0 4008.0 627.0 38.0 -29.0 0.0
 1 11260 4307 740325.5 7174670.5 593.8755755866435 89.83484997776729 0.0 54954.12 325743.0 223562.0 117874.0 41192.0 8044.0 765.0 -91.0 15.0 83.0 0.0 293908.0 245300.0 155116.0 68382.0 20169.0 4065.0 594.0 6.0 -48.0 0.0
 1 11260 4308 740325.44 7174683.0 594.100237503571 90.09572976642589 0.0 54951.77 326747.0 225842.0 120612.0 42654.0 8420.0 817.0 -80.0 18.0 85.0 0.0 295163.0 247636.0 160619.0 71444.0 21039.0 4140.0 568.0 -18.0 -63.0 0.0
 1 11260 4309 740325.44 7174695.5 594.381690054193 90.4243570642245 0.0 54949.97 327532.0 227493.0 122585.0 43729.0 8746.0 865.0 -74.0 21.0 86.0 0.0 296443.0 249782.0 166830.0 74947.0 22007.0 4236.0 552.0 -36.0 -74.0 0.0
 1 11260 4310 740325.38 7174708.0 594.7045603849565 90.73956206216546 0.0 54948.84 328027.0 228289.0 123573.0 44357.0 9010.0 907.0 -72.0 24.0 87.0 0.0 297657.0 251830.0 173355.0 78739.0 23061.0 4352.0 545.0 -47.0 -80.0 0.0
 1 11260 4311 740325.44 7174720.5 595.0509458834149 90.95630941817312 0.0 54948.54 328161.0 228069.0 123451.0 44527.0 9208.0 943.0 -75.0 26.0 88.0 0.0 298736.0 253862.0 179758.0 82614.0 24179.0 4487.0 550.0 -53.0 -82.0 0.0
 1 11260 4312 740325.5 7174733.0 595.4044385059397 91.00554211824365 0.0 54949.22 327878.0 226769.0 122226.0 44271.0 9344.0 972.0 -83.0 28.0 89.0 0.0 299659.0 255891.0 185613.0 86332.0 25322.0 4635.0 566.0 -53.0 -81.0 0.0
 1 11260 4313 740325.5 7174745.5 595.7486355735374 90.85403213328571 0.0 54951.02 327168.0 224450.0 120051.0 43662.0 9425.0 993.0 -95.0 29.0 89.0 0.0 300457.0 257832.0 190535.0 89655.0 26431.0 4790.0 592.0 -46.0 -75.0 0.0
 1 11260 4314 740325.56 7174758.0 596.065655453497 90.5180367404701 0.0 54953.82 326080.0 221318.0 117224.0 42815.0 9464.0 1006.0 -109.0 29.0 89.0 0.0 301184.0 259523.0 194216.0 92395.0 27440.0 4946.0 626.0 -32.0 -67.0 0.0
 1 11260 4315 740325.63 7174770.5 596.3389888343028 90.06290749851563 0.0 54957.82 324728.0 217723.0 114152.0 41881.0 9483.0 1010.0 -126.0 29.0 88.0 0.0 301878.0 260774.0 196464.0 94445.0 28287.0 5098.0 666.0 -13.0 -58.0 0.0
 1 11260 4316 740325.69 7174783.0 596.5673355487851 89.58447917413474 0.0 54962.88 323292.0 214135.0 111303.0 41046.0 9510.0 1009.0 -144.0 28.0 87.0 0.0 302529.0 261424.0 197233.0 95797.0 28930.0 5245.0 707.0 11.0 -46.0 0.0
 1 11260 4317 740325.69 7174795.5 596.7783017141412 89.176773128674 0.0 54968.93 322002.0 211080.0 109136.0 40511.0 9584.0 1008.0 -161.0 27.0 86.0 0.0 303069.0 261403.0 196632.0 96533.0 29364.0 5385.0 746.0 36.0 -35.0 0.0
 1 11260 4318 740325.75 7174808.0 596.9707172469568 88.8994385993803 0.0 54975.95 321123.0 209064.0 108056.0 40475.0 9755.0 1016.0 -175.0 26.0 84.0 0.0 303412.0 260756.0 194885.0 96791.0 29615.0 5520.0 780.0 61.0 -24.0 0.0
 1 11260 4319 740325.88 7174820.5 597.1433088950686 88.76082638750125 0.0 54983.45 320929.0 208500.0 108373.0 41108.0 10072.0 1043.0 -185.0 25.0 83.0 0.0 303501.0 259629.0 192280.0 96730.0 29740.0 5649.0 806.0 85.0 -13.0 0.0
 1 11260 4320 740326.0 7174833.0 597.2954601126877 88.72554745953836 0.0 54991.54 321661.0 209654.0 110276.0 42524.0 10577.0 1097.0 -188.0 24.0 82.0 0.0 303337.0 258215.0 189121.0 96489.0 29805.0 5774.0 824.0 106.0 -2.0 0.0
 1 11260 4321 740326.13 7174845.0 597.4207723081864 88.73948794842205 0.0 54999.73 323480.0 212612.0 113811.0 44760.0 11297.0 1184.0 -184.0 24.0 83.0 0.0 302970.0 256695.0 185685.0 96178.0 29878.0 5899.0 834.0 124.0 8.0 0.0
 1 11260 4322 740326.25 7174857.5 597.5283998496179 88.75521364982563 0.0 55007.43 326417.0 217267.0 118860.0 47767.0 12230.0 1305.0 -173.0 23.0 84.0 0.0 302472.0 255196.0 182225.0 95875.0 30016.0 6023.0 836.0 139.0 19.0 0.0
 1 11260 4323 740326.38 7174869.5 597.6080569327178 88.74481490384854 0.0 55014.17 330342.0 223314.0 125138.0 51407.0 13353.0 1458.0 -155.0 23.0 88.0 0.0 301904.0 253785.0 178960.0 95632.0 30263.0 6151.0 832.0 150.0 30.0 0.0
 1 11260 4324 740326.44 7174881.5 597.670876031353 88.69821208749686 0.0 55019.73 334956.0 230273.0 132208.0 55468.0 14617.0 1638.0 -132.0 22.0 92.0 0.0 301312.0 252478.0 176087.0 95495.0 30651.0 6282.0 824.0 158.0 41.0 0.0
 1 11260 4325 740326.56 7174893.5 597.7345468263887 88.61494807258168 0.0 55023.85 339819.0 237528.0 139521.0 59683.0 15954.0 1836.0 -105.0 22.0 98.0 0.0 300732.0 251276.0 173766.0 95501.0 31201.0 6418.0 813.0 162.0 50.0 0.0
 1 11260 4326 740326.75 7174905.5 597.7913937590135 88.49981161236083 0.0 55026.59 344417.0 244399.0 146476.0 63749.0 17280.0 2044.0 -75.0 21.0 104.0 0.0 300191.0 250183.0 172116.0 95684.0 31915.0 6559.0 803.0 163.0 57.0 0.0
 1 11260 4327 740326.94 7174917.5 597.8327341575806 88.36575318737775 0.0 55027.9 348245.0 250240.0 152501.0 67364.0 18508.0 2255.0 -44.0 21.0 111.0 0.0 299710.0 249215.0 171189.0 96060.0 32782.0 6704.0 794.0 161.0 61.0 0.0
 1 11260 4328 740327.06 7174929.5 597.8507299458907 88.23869549483406 0.0 55028.02 350907.0 254555.0 157150.0 70275.0 19558.0 2460.0 -12.0 21.0 118.0 0.0 299303.0 248403.0 170963.0 96622.0 33769.0 6852.0 788.0 155.0 61.0 0.0
 1 11260 4329 740327.19 7174941.5 597.8356979741715 88.15505611178683 0.0 55027.16 352192.0 257075.0 160181.0 72326.0 20373.0 2653.0 20.0 21.0 124.0 0.0 298975.0 247780.0 171335.0 97338.0 34828.0 7003.0 784.0 147.0 58.0 0.0
 1 11260 4330 740327.31 7174953.5 597.7793656491924 88.14973301237919 0.0 55025.44 352097.0 257799.0 161588.0 73483.0 20932.0 2831.0 53.0 22.0 130.0 0.0 298731.0 247374.0 172140.0 98163.0 35897.0 7156.0 783.0 137.0 51.0 0.0
 1 11260 4331 740327.44 7174965.5 597.6729056361401 88.24230093337447 0.0 55022.86 350792.0 256943.0 161575.0 73827.0 21245.0 2992.0 85.0 26.0 135.0 0.0 298571.0 247197.0 173191.0 99051.0 36912.0 7310.0 784.0 125.0 40.0 0.0
 1 11260 4332 740327.56 7174977.5 597.5089927193847 88.43150790865165 0.0 55019.59 348546.0 254862.0 160476.0 73523.0 21348.0 3138.0 117.0 32.0 140.0 0.0 298498.0 247245.0 174326.0 99968.0 37821.0 7464.0 788.0 112.0 24.0 0.0
 1 11260 4333 740327.69 7174989.5 597.2916004331872 88.70161978624701 0.0 55015.52 345637.0 251945.0 158656.0 72765.0 21289.0 3265.0 150.0 42.0 144.0 0.0 298519.0 247491.0 175452.0 100893.0 38588.0 7617.0 793.0 99.0 5.0 0.0
 1 11260 4334 740327.81 7175001.5 597.0308382747211 89.03415002799785 0.0 55010.92 342294.0 248531.0 156427.0 71732.0 21115.0 3371.0 183.0 56.0 146.0 0.0 298645.0 247895.0 176556.0 101808.0 39202.0 7768.0 800.0 85.0 -17.0 0.0
 1 11260 4335 740328.0 7175013.5 596.7341990421767 89.41500821417054 0.0 55005.84 338665.0 244859.0 154011.0 70559.0 20864.0 3451.0 215.0 74.0 148.0 0.0 298897.0 248416.0 177677.0 102694.0 39669.0 7915.0 808.0 72.0 -40.0 0.0
 1 11260 4336 740328.19 7175026.5 596.3838687662326 89.83454775541908 0.0 55000.33 334838.0 241065.0 151523.0 69316.0 20562.0 3502.0 247.0 95.0 149.0 0.0 299301.0 249033.0 178864.0 103527.0 40008.0 8056.0 817.0 61.0 -61.0 0.0
 1 11260 4337 740328.38 7175039.0 596.0280057427461 90.28474436921958 0.0 54994.6 330861.0 237200.0 148988.0 68018.0 20218.0 3520.0 278.0 117.0 149.0 0.0 299888.0 249754.0 180151.0 104292.0 40249.0 8191.0 827.0 52.0 -77.0 0.0
 1 11260 4338 740328.56 7175051.5 595.6630643258114 90.75819002938196 0.0 54988.68 326777.0 233261.0 146351.0 66634.0 19830.0 3504.0 307.0 140.0 149.0 0.0 300677.0 250623.0 181545.0 104976.0 40418.0 8317.0 839.0 46.0 -87.0 0.0
 1 11260 4339 740328.75 7175064.0 595.2981426518005 91.24853495285612 0.0 54982.58 322628.0 229223.0 143488.0 65104.0 19377.0 3453.0 334.0 162.0 148.0 0.0 301662.0 251688.0 183031.0 105584.0 40542.0 8432.0 851.0 45.0 -88.0 0.0
 1 11260 4340 740328.94 7175076.5 594.9410139448588 91.75026688423107 0.0 54976.5 318451.0 225053.0 140242.0 63358.0 18836.0 3370.0 359.0 184.0 148.0 0.0 302789.0 252968.0 184574.0 106119.0 40634.0 8533.0 864.0 48.0 -82.0 0.0
 1 11260 4341 740329.06 7175089.0 594.5705872655914 92.25802463287935 0.0 54970.41 314277.0 220725.0 136482.0 61330.0 18178.0 3257.0 381.0 205.0 147.0 0.0 303945.0 254404.0 186107.0 106582.0 40699.0 8618.0 879.0 54.0 -69.0 0.0
 1 11260 4342 740329.19 7175101.5 594.1836688075003 92.76783987610071 0.0 54964.31 310122.0 216221.0 132166.0 58976.0 17384.0 3118.0 400.0 225.0 147.0 0.0 304958.0 255835.0 187515.0 106948.0 40729.0 8684.0 895.0 64.0 -51.0 0.0
 1 11260 4343 740329.31 7175114.0 593.788803396608 93.2811224040273 0.0 54958.24 305993.0 211538.0 127368.0 56284.0 16447.0 2956.0 416.0 244.0 147.0 0.0 305622.0 257002.0 188620.0 107151.0 40699.0 8730.0 913.0 75.0 -31.0 0.0
 1 11260 4344 740329.44 7175126.5 593.3949843656495 93.80767965077776 0.0 54952.26 301888.0 206691.0 122249.0 53291.0 15380.0 2778.0 427.0 262.0 149.0 0.0 305734.0 257587.0 189188.0 107082.0 40574.0 8756.0 933.0 87.0 -10.0 0.0
 1 11260 4345 740329.56 7175138.5 593.0257714041096 94.36205683432506 0.0 54946.4 297806.0 201716.0 116995.0 50077.0 14212.0 2587.0 432.0 278.0 153.0 0.0 305151.0 257289.0 188963.0 106596.0 40308.0 8762.0 954.0 101.0 10.0 0.0
 1 11260 4346 740329.69 7175150.0 592.687676231389 94.95236049374407 0.0 54940.64 293743.0 196668.0 111766.0 46757.0 12984.0 2390.0 433.0 292.0 157.0 0.0 303830.0 255894.0 187708.0 105540.0 39853.0 8745.0 978.0 114.0 30.0 0.0
 1 11260 4347 740329.75 7175162.0 592.3566295903266 95.5690519301503 0.0 54934.87 289704.0 191628.0 106689.0 43465.0 11743.0 2191.0 430.0 301.0 163.0 0.0 301844.0 253315.0 185259.0 103788.0 39167.0 8701.0 1002.0 128.0 48.0 0.0
 1 11260 4348 740329.81 7175174.0 592.0568795967075 96.1833850318658 0.0 54929.17 285699.0 186695.0 101884.0 40328.0 10539.0 1995.0 423.0 306.0 170.0 0.0 299351.0 249590.0 181560.0 101279.0 38223.0 8619.0 1029.0 142.0 64.0 0.0
 1 11260 4349 740329.88 7175186.0 591.7794869512821 96.75807701397855 0.0 54923.8 281752.0 181992.0 97484.0 37460.0 9421.0 1806.0 415.0 305.0 176.0 0.0 296541.0 244837.0 176676.0 98028.0 37020.0 8489.0 1056.0 156.0 79.0 0.0
 1 11260 4350 740329.94 7175198.0 591.51285292004 97.26386958334368 0.0 54918.43 277909.0 177664.0 93636.0 34956.0 8429.0 1631.0 405.0 298.0 182.0 0.0 293575.0 239212.0 170791.0 94137.0 35580.0 8302.0 1083.0 169.0 92.0 0.0
 1 11260 4351 740329.94 7175210.0 591.2567785270443 97.69118291677648 0.0 54913.13 274242.0 173874.0 90485.0 32885.0 7594.0 1474.0 395.0 286.0 187.0 0.0 290556.0 232904.0 164180.0 89770.0 33947.0 8055.0 1108.0 181.0 103.0 0.0
 1 11260 4352 740330.0 7175222.0 591.0155796129714 98.0504747746415 0.0 54908.04 270846.0 170788.0 88139.0 31290.0 6931.0 1340.0 384.0 269.0 189.0 0.0 287521.0 226149.0 157191.0 85141.0 32184.0 7754.0 1130.0 192.0 113.0 0.0
 1 11260 4353 740329.94 7175234.0 590.7858042545694 98.3603028941908 0.0 54903.15 267835.0 168551.0 86648.0 30179.0 6440.0 1230.0 373.0 250.0 190.0 0.0 284475.0 219276.0 150221.0 80479.0 30361.0 7412.0 1147.0 201.0 121.0 0.0
 1 11260 4354 740329.88 7175246.0 590.5718569091829 98.63270059250843 0.0 54898.39 265311.0 167245.0 85992.0 29522.0 6106.0 1145.0 362.0 229.0 189.0 0.0 281418.0 212700.0 143676.0 76014.0 28552.0 7050.0 1156.0 208.0 128.0 0.0
 1 11260 4355 740329.81 7175258.0 590.374735302651 98.86932000018741 0.0 54893.79 263330.0 166856.0 86076.0 29263.0 5910.0 1085.0 349.0 209.0 187.0 0.0 278377.0 206884.0 137931.0 71949.0 26826.0 6688.0 1157.0 213.0 134.0 0.0
 1 11260 4356 740329.75 7175270.0 590.196135219091 99.07229952648751 0.0 54889.27 261878.0 167252.0 86738.0 29320.0 5828.0 1048.0 336.0 190.0 183.0 0.0 275408.0 202238.0 133267.0 68443.0 25244.0 6349.0 1151.0 216.0 139.0 0.0
 1 11260 4357 740329.69 7175282.0 590.0323306787274 99.2592486735956 0.0 54885.14 260860.0 168185.0 87758.0 29601.0 5841.0 1033.0 322.0 173.0 177.0 0.0 272590.0 199024.0 129826.0 65594.0 23854.0 6049.0 1139.0 217.0 142.0 0.0
