 "LINE" "FID" "EAST" "NORTH" "TER" "ALT" "PITCH" "MAG" EM1_X01 EM1_X02 EM1_X03 EM1_X04 EM1_X05 EM1_X06 EM1_X07 EM1_X08 EM1_X09 EM1_X10 EM1_Z01 EM1_Z02 EM1_Z03 EM1_Z04 EM1_Z05 EM1_Z06 EM1_Z07 EM1_Z08 EM1_Z09 EM1_Z10
 1 11250 360 734932.94 7173403.5 566.4275687770009 98.23060665926162 0.0 54786.86 211102.0 118938.0 51277.0 19318.0 5638.0 1735.0 683.0 165.0 -72.0 0.0 257612.0 181690.0 105344.0 47364.0 16302.0 4641.0 1281.0 586.0 234.0 0.0
 1 11250 361 734932.38 7173389.5 566.5959644480876 98.20328448666483 0.0 54788.52 207190.0 113482.0 47844.0 18162.0 5395.0 1677.0 644.0 140.0 -77.0 0.0 254889.0 179127.0 102848.0 45946.0 15837.0 4528.0 1259.0 580.0 227.0 0.0
 1 11250 362 734931.75 7173375.5 566.6660744275524 98.18836894633897 0.0 54790.02 202523.0 107186.0 44019.0 16717.0 5025.0 1577.0 593.0 116.0 -81.0 0.0 252133.0 176687.0 100460.0 44724.0 15460.0 4433.0 1239.0 568.0 216.0 0.0
 1 11250 363 734931.13 7173362.0 566.6068928310406 98.2142911378664 0.0 54791.42 197182.0 100277.0 39931.0 15043.0 4558.0 1448.0 535.0 94.0 -81.0 0.0 249344.0 174075.0 98002.0 43583.0 15124.0 4345.0 1218.0 552.0 203.0 0.0
 1 11250 364 734930.44 7173348.5 566.4315282887882 98.31491931161288 0.0 54792.74 191409.0 93117.0 35761.0 13231.0 4028.0 1298.0 475.0 76.0 -78.0 0.0 246525.0 171045.0 95361.0 42445.0 14799.0 4260.0 1197.0 532.0 187.0 0.0
 1 11250 365 734929.81 7173335.0 566.1826657197195 98.50620714486222 0.0 54793.94 185601.0 86161.0 31722.0 11390.0 3473.0 1139.0 417.0 62.0 -70.0 0.0 243669.0 167447.0 92474.0 41264.0 14468.0 4173.0 1176.0 509.0 170.0 0.0
 1 11250 366 734929.19 7173321.5 565.901239553153 98.76459146807588 0.0 54795.03 180251.0 79893.0 28031.0 9630.0 2926.0 981.0 363.0 53.0 -55.0 0.0 240762.0 163250.0 89331.0 40016.0 14123.0 4084.0 1153.0 484.0 153.0 0.0
 1 11250 367 734928.56 7173308.0 565.6289693045782 99.02508257414634 0.0 54796.11 175838.0 74740.0 24885.0 8043.0 2412.0 830.0 316.0 49.0 -36.0 0.0 237799.0 158532.0 85968.0 38692.0 13765.0 3991.0 1130.0 458.0 136.0 0.0
 1 11250 368 734927.94 7173294.5 565.4085424389528 99.20542085148304 0.0 54797.16 172706.0 70998.0 22426.0 6699.0 1949.0 695.0 277.0 49.0 -12.0 0.0 234794.0 153461.0 82455.0 37300.0 13396.0 3897.0 1106.0 433.0 118.0 0.0
 1 11250 369 734927.38 7173281.0 565.283309174982 99.2438346132145 0.0 54798.23 170998.0 68787.0 20727.0 5630.0 1543.0 577.0 245.0 52.0 15.0 0.0 231791.0 148259.0 78893.0 35863.0 13020.0 3801.0 1081.0 409.0 101.0 0.0
 1 11250 370 734926.81 7173267.5 565.289777420904 99.1268962411312 0.0 54799.33 170639.0 68048.0 19788.0 4838.0 1194.0 477.0 221.0 58.0 43.0 0.0 228874.0 143187.0 75403.0 34414.0 12643.0 3705.0 1056.0 387.0 84.0 0.0
 1 11250 371 734926.25 7173254.0 565.407201473683 98.88935724697137 0.0 54800.61 171381.0 68574.0 19543.0 4292.0 898.0 394.0 204.0 66.0 71.0 0.0 226153.0 138515.0 72119.0 33000.0 12268.0 3609.0 1030.0 368.0 68.0 0.0
 1 11250 372 734925.75 7173240.5 565.6051688331038 98.58752741285679 0.0 54802.07 172883.0 70053.0 19887.0 3945.0 650.0 324.0 192.0 76.0 99.0 0.0 223735.0 134489.0 69178.0 31669.0 11899.0 3514.0 1004.0 353.0 52.0 0.0
 1 11250 373 734925.25 7173227.0 565.8564625410586 98.265705465365 0.0 54803.69 174785.0 72130.0 20693.0 3742.0 444.0 263.0 184.0 88.0 126.0 0.0 221694.0 131294.0 66704.0 30468.0 11539.0 3421.0 978.0 343.0 38.0 0.0
 1 11250 374 734924.81 7173213.5 566.1340113605384 97.93850516425937 0.0 54805.42 176768.0 74461.0 21823.0 3632.0 274.0 210.0 179.0 101.0 149.0 0.0 220041.0 129030.0 64794.0 29431.0 11190.0 3330.0 953.0 338.0 27.0 0.0
 1 11250 375 734924.44 7173200.0 566.4096272289443 97.59740397708303 0.0 54807.27 178590.0 76766.0 23132.0 3576.0 138.0 162.0 175.0 116.0 169.0 0.0 218733.0 127712.0 63506.0 28575.0 10853.0 3244.0 929.0 338.0 19.0 0.0
 1 11250 376 734924.06 7173186.0 566.6633363268735 97.23076507752279 0.0 54809.17 180100.0 78854.0 24476.0 3548.0 29.0 118.0 173.0 133.0 184.0 0.0 217695.0 127304.0 62854.0 27894.0 10529.0 3161.0 906.0 341.0 16.0 0.0
 1 11250 377 734923.75 7173172.0 566.852936734352 96.83755218003783 0.0 54811.09 181218.0 80624.0 25715.0 3531.0 -58.0 78.0 171.0 149.0 194.0 0.0 216854.0 127761.0 62812.0 27367.0 10216.0 3082.0 884.0 347.0 19.0 0.0
 1 11250 378 734923.5 7173157.5 566.9994517844544 96.42434398952463 0.0 54813.03 181897.0 82021.0 26726.0 3515.0 -130.0 40.0 170.0 165.0 199.0 0.0 216168.0 129058.0 63322.0 26966.0 9912.0 3006.0 865.0 355.0 27.0 0.0
 1 11250 379 734923.31 7173143.5 567.11846602074 95.99167868117785 0.0 54814.75 182089.0 82991.0 27410.0 3496.0 -192.0 3.0 169.0 180.0 200.0 0.0 215629.0 131177.0 64285.0 26660.0 9614.0 2930.0 848.0 364.0 40.0 0.0
 1 11250 380 734923.13 7173129.5 567.2179909444179 95.52442038117493 0.0 54816.16 181734.0 83438.0 27696.0 3470.0 -249.0 -33.0 168.0 193.0 198.0 0.0 215262.0 134065.0 65567.0 26417.0 9319.0 2852.0 832.0 373.0 57.0 0.0
 1 11250 381 734923.0 7173115.5 567.299620814221 94.9987149267253 0.0 54817.07 180800.0 83218.0 27550.0 3435.0 -302.0 -67.0 167.0 203.0 193.0 0.0 215114.0 137571.0 66991.0 26207.0 9027.0 2772.0 820.0 382.0 75.0 0.0
 1 11250 382 734922.88 7173101.5 567.3660580312236 94.40093104808214 0.0 54817.31 179328.0 82173.0 26966.0 3390.0 -352.0 -100.0 166.0 209.0 186.0 0.0 215238.0 141387.0 68353.0 25996.0 8736.0 2687.0 809.0 390.0 94.0 0.0
 1 11250 383 734922.81 7173087.5 567.4189593479852 93.74014687717055 0.0 54816.81 177465.0 80191.0 25973.0 3335.0 -397.0 -129.0 164.0 209.0 178.0 0.0 215665.0 145043.0 69434.0 25746.0 8444.0 2599.0 799.0 397.0 113.0 0.0
 1 11250 384 734922.75 7173073.5 567.461171304222 93.03982808250119 0.0 54815.46 175434.0 77279.0 24635.0 3273.0 -432.0 -154.0 161.0 204.0 169.0 0.0 216362.0 147954.0 70026.0 25420.0 8150.0 2508.0 792.0 402.0 131.0 0.0
 1 11250 385 734922.69 7173059.5 567.4726970131451 92.31422691671983 0.0 54813.42 173463.0 73603.0 23057.0 3210.0 -453.0 -172.0 157.0 194.0 161.0 0.0 217195.0 149521.0 69948.0 24985.0 7855.0 2413.0 786.0 406.0 146.0 0.0
 1 11250 386 734922.69 7173045.5 567.4427701171496 91.55202736932442 0.0 54810.91 171725.0 69483.0 21382.0 3153.0 -455.0 -180.0 152.0 180.0 152.0 0.0 217907.0 149253.0 69067.0 24414.0 7556.0 2317.0 781.0 407.0 159.0 0.0
 1 11250 387 734922.69 7173031.5 567.3898325274251 90.72766926947594 0.0 54808.08 170297.0 65336.0 19783.0 3117.0 -431.0 -175.0 147.0 163.0 143.0 0.0 218136.0 146857.0 67310.0 23695.0 7255.0 2221.0 777.0 407.0 170.0 0.0
 1 11250 388 734922.69 7173017.5 567.3315495496719 89.83818029479255 0.0 54805.25 169177.0 61575.0 18432.0 3119.0 -374.0 -153.0 141.0 146.0 133.0 0.0 217480.0 142286.0 64686.0 22829.0 6956.0 2126.0 774.0 406.0 177.0 0.0
 1 11250 389 734922.75 7173003.5 567.2854996723345 88.93771601605079 0.0 54802.78 168319.0 58531.0 17459.0 3181.0 -282.0 -115.0 134.0 130.0 124.0 0.0 215618.0 135732.0 61304.0 21839.0 6664.0 2036.0 770.0 404.0 181.0 0.0
 1 11250 390 734922.75 7172989.5 567.2696805884772 88.13721769436702 0.0 54801.09 167662.0 56398.0 16916.0 3322.0 -158.0 -65.0 126.0 115.0 114.0 0.0 212441.0 127587.0 57371.0 20770.0 6387.0 1953.0 766.0 401.0 182.0 0.0
 1 11250 391 734922.75 7172975.5 567.3014954719476 87.56145414283799 0.0 54800.1 167143.0 55223.0 16769.0 3547.0 -12.0 -9.0 116.0 101.0 104.0 0.0 208119.0 118413.0 53183.0 19684.0 6136.0 1880.0 761.0 397.0 180.0 0.0
 1 11250 392 734922.81 7172961.5 567.4006132065772 87.28873432900306 0.0 54799.66 166681.0 54924.0 16920.0 3847.0 138.0 41.0 104.0 88.0 94.0 0.0 203069.0 108912.0 49088.0 18658.0 5920.0 1820.0 755.0 392.0 176.0 0.0
 1 11250 393 734922.88 7172947.5 567.5643808791308 87.31338816208296 0.0 54799.73 166177.0 55324.0 17244.0 4197.0 276.0 76.0 91.0 75.0 84.0 0.0 197831.0 99903.0 45431.0 17769.0 5742.0 1770.0 746.0 385.0 171.0 0.0
 1 11250 394 734922.94 7172933.5 567.7700868647585 87.5543796004499 0.0 54800.07 165520.0 56190.0 17627.0 4560.0 387.0 89.0 75.0 61.0 74.0 0.0 192926.0 92225.0 42498.0 17081.0 5605.0 1732.0 736.0 376.0 165.0 0.0
 1 11250 395 734923.0 7172919.5 567.994991309937 87.90020633524618 0.0 54800.55 164606.0 57269.0 17986.0 4901.0 463.0 79.0 58.0 47.0 63.0 0.0 188763.0 86581.0 40469.0 16635.0 5504.0 1702.0 725.0 366.0 159.0 0.0
 1 11250 396 734923.13 7172905.5 568.2172751517793 88.25738629809307 0.0 54800.72 163359.0 58325.0 18266.0 5185.0 501.0 49.0 40.0 32.0 53.0 0.0 185616.0 83364.0 39394.0 16448.0 5433.0 1679.0 711.0 355.0 152.0 0.0
 1 11250 397 734923.25 7172891.5 568.4131042248159 88.57290516893998 0.0 54800.46 161721.0 59166.0 18436.0 5384.0 502.0 2.0 23.0 17.0 42.0 0.0 183635.0 82539.0 39200.0 16514.0 5387.0 1661.0 696.0 343.0 144.0 0.0
 1 11250 398 734923.31 7172877.5 568.5585975176488 88.82598039341947 0.0 54799.67 159653.0 59659.0 18471.0 5475.0 472.0 -53.0 4.0 3.0 31.0 0.0 182866.0 83685.0 39726.0 16801.0 5362.0 1647.0 680.0 331.0 136.0 0.0
 1 11250 399 734923.38 7172863.5 568.6397661245223 89.00775160807972 0.0 54798.71 157151.0 59746.0 18351.0 5442.0 417.0 -110.0 -14.0 -12.0 19.0 0.0 183252.0 86145.0 40759.0 17259.0 5354.0 1634.0 663.0 318.0 128.0 0.0
 1 11250 400 734923.44 7172849.5 568.6734540077854 89.11116078704757 0.0 54797.54 154302.0 59438.0 18063.0 5282.0 344.0 -163.0 -32.0 -25.0 8.0 0.0 184653.0 89235.0 42085.0 17819.0 5359.0 1623.0 646.0 305.0 119.0 0.0
 1 11250 401 734923.56 7172835.5 568.6756647881614 89.1376444680611 0.0 54796.35 151341.0 58819.0 17615.0 5008.0 264.0 -209.0 -51.0 -38.0 -3.0 0.0 186883.0 92421.0 43517.0 18405.0 5375.0 1613.0 628.0 292.0 110.0 0.0
 1 11250 402 734923.69 7172821.5 568.6596508454577 89.1091947409032 0.0 54795.33 148668.0 58022.0 17046.0 4653.0 182.0 -248.0 -70.0 -51.0 -13.0 0.0 189739.0 95406.0 44913.0 18945.0 5396.0 1602.0 609.0 280.0 100.0 0.0
 1 11250 403 734923.81 7172807.5 568.6393662069684 89.06962871771977 0.0 54794.48 146808.0 57229.0 16430.0 4265.0 108.0 -280.0 -89.0 -63.0 -22.0 0.0 193033.0 98130.0 46186.0 19389.0 5419.0 1592.0 591.0 267.0 90.0 0.0
 1 11250 404 734923.94 7172793.5 568.629414138573 89.07000926028411 0.0 54793.89 146303.0 56661.0 15874.0 3898.0 45.0 -307.0 -109.0 -75.0 -29.0 0.0 196592.0 100691.0 47291.0 19715.0 5439.0 1580.0 572.0 254.0 79.0 0.0
 1 11250 405 734924.06 7172779.5 568.6440386202413 89.14763183588647 0.0 54793.31 147598.0 56585.0 15508.0 3598.0 -2.0 -330.0 -128.0 -85.0 -34.0 0.0 200274.0 103238.0 48221.0 19926.0 5453.0 1569.0 552.0 242.0 69.0 0.0
 1 11250 406 734924.19 7172765.5 568.6918863957035 89.31287031818327 0.0 54792.92 150925.0 57319.0 15478.0 3402.0 -31.0 -350.0 -148.0 -95.0 -39.0 0.0 203978.0 105894.0 48995.0 20043.0 5462.0 1557.0 532.0 231.0 59.0 0.0
 1 11250 407 734924.38 7172751.5 568.7544178288696 89.55084004198581 0.0 54792.56 156253.0 59194.0 15937.0 3332.0 -44.0 -368.0 -167.0 -103.0 -42.0 0.0 207665.0 108725.0 49655.0 20089.0 5467.0 1544.0 512.0 221.0 50.0 0.0
 1 11250 408 734924.5 7172737.5 568.8290084894711 89.83356470058344 0.0 54792.21 163314.0 62479.0 17030.0 3411.0 -40.0 -384.0 -187.0 -111.0 -46.0 0.0 211346.0 111763.0 50265.0 20091.0 5470.0 1530.0 493.0 212.0 43.0 0.0
 1 11250 409 734924.63 7172723.5 568.9177597625757 90.13546866983877 0.0 54791.82 171684.0 67268.0 18856.0 3662.0 -19.0 -399.0 -207.0 -118.0 -49.0 0.0 215062.0 115035.0 50919.0 20075.0 5474.0 1517.0 476.0 205.0 38.0 0.0
 1 11250 410 734924.75 7172709.5 569.0218868614578 90.44345233062907 0.0 54791.31 180867.0 73409.0 21438.0 4108.0 20.0 -413.0 -228.0 -124.0 -53.0 0.0 218840.0 118555.0 51738.0 20070.0 5484.0 1504.0 462.0 199.0 36.0 0.0
 1 11250 411 734924.88 7172695.5 569.142859027454 90.75784615342845 0.0 54790.62 190343.0 80533.0 24699.0 4764.0 81.0 -425.0 -249.0 -129.0 -57.0 0.0 222671.0 122309.0 52858.0 20111.0 5503.0 1492.0 452.0 195.0 38.0 0.0
 1 11250 412 734925.0 7172681.5 569.2817578826 91.08644588534578 0.0 54789.79 199599.0 88157.0 28469.0 5630.0 169.0 -436.0 -270.0 -134.0 -62.0 0.0 226514.0 126256.0 54405.0 20239.0 5537.0 1484.0 446.0 191.0 43.0 0.0
 1 11250 413 734925.13 7172668.5 569.4301925813381 91.43590957498893 0.0 54788.93 208168.0 95814.0 32521.0 6688.0 293.0 -443.0 -289.0 -139.0 -68.0 0.0 230312.0 130352.0 56462.0 20494.0 5592.0 1478.0 445.0 189.0 50.0 0.0
 1 11250 414 734925.25 7172655.0 569.6240172070522 91.8059052318753 0.0 54787.56 215701.0 103129.0 36630.0 7912.0 461.0 -444.0 -307.0 -142.0 -74.0 0.0 234022.0 134596.0 59046.0 20910.0 5672.0 1476.0 447.0 187.0 59.0 0.0
 1 11250 415 734925.31 7172641.5 569.852430147809 92.18930443999166 0.0 54785.6 222016.0 109844.0 40617.0 9270.0 682.0 -435.0 -320.0 -144.0 -80.0 0.0 237627.0 139035.0 62102.0 21507.0 5781.0 1477.0 452.0 185.0 69.0 0.0
 1 11250 416 734925.38 7172628.0 570.1032868490738 92.5774701132479 0.0 54783.32 227113.0 115804.0 44371.0 10730.0 958.0 -413.0 -327.0 -144.0 -85.0 0.0 241135.0 143726.0 65534.0 22292.0 5918.0 1480.0 457.0 184.0 79.0 0.0
 1 11250 417 734925.44 7172614.5 570.3639140977351 92.96636020477459 0.0 54780.93 231129.0 120951.0 47850.0 12259.0 1286.0 -377.0 -328.0 -141.0 -87.0 0.0 244556.0 148693.0 69235.0 23261.0 6084.0 1485.0 462.0 183.0 87.0 0.0
 1 11250 418 734925.5 7172601.0 570.6217982277371 93.35705498817929 0.0 54778.37 234263.0 125317.0 51056.0 13821.0 1655.0 -325.0 -322.0 -136.0 -85.0 0.0 247886.0 153895.0 73117.0 24408.0 6281.0 1491.0 467.0 183.0 95.0 0.0
 1 11250 419 734925.56 7172587.5 570.8643941143367 93.7505232937287 0.0 54775.89 236712.0 128996.0 54009.0 15373.0 2053.0 -261.0 -309.0 -127.0 -77.0 0.0 251107.0 159247.0 77125.0 25733.0 6514.0 1499.0 471.0 182.0 101.0 0.0
 1 11250 420 734925.56 7172573.5 571.0863544360949 94.14236071635264 0.0 54773.74 238630.0 132096.0 56718.0 16872.0 2465.0 -186.0 -291.0 -114.0 -62.0 0.0 254184.0 164649.0 81238.0 27245.0 6792.0 1511.0 474.0 180.0 105.0 0.0
 1 11250 421 734925.56 7172559.5 571.2929272434138 94.52262385044278 0.0 54771.95 240117.0 134687.0 59165.0 18269.0 2876.0 -104.0 -269.0 -95.0 -39.0 0.0 257084.0 170011.0 85453.0 28964.0 7128.0 1527.0 476.0 178.0 106.0 0.0
 1 11250 422 734925.56 7172545.5 571.5022927747046 94.8805667813549 0.0 54770.57 241216.0 136778.0 61297.0 19516.0 3271.0 -16.0 -240.0 -71.0 -9.0 0.0 259778.0 175263.0 89771.0 30906.0 7531.0 1549.0 477.0 173.0 105.0 0.0
 1 11250 423 734925.56 7172531.5 571.705590121239 95.2090516624697 0.0 54769.43 241930.0 138322.0 63033.0 20564.0 3636.0 76.0 -207.0 -42.0 23.0 0.0 262243.0 180344.0 94175.0 33067.0 8003.0 1579.0 477.0 166.0 99.0 0.0
 1 11250 424 734925.56 7172517.5 571.893958203114 95.50285574531365 0.0 54768.52 242237.0 139255.0 64279.0 21370.0 3955.0 171.0 -167.0 -11.0 53.0 0.0 264458.0 185179.0 98612.0 35410.0 8533.0 1617.0 474.0 156.0 89.0 0.0
 1 11250 425 734925.56 7172503.5 572.0585359404249 95.7510317424767 0.0 54767.8 242117.0 139528.0 64951.0 21895.0 4217.0 267.0 -122.0 20.0 79.0 0.0 266398.0 189669.0 102984.0 37854.0 9103.0 1660.0 470.0 145.0 74.0 0.0
 1 11250 426 734925.56 7172489.5 572.1904622532691 95.9307835357984 0.0 54767.07 241589.0 139142.0 64999.0 22116.0 4412.0 361.0 -72.0 47.0 98.0 0.0 268038.0 193683.0 107144.0 40287.0 9686.0 1709.0 465.0 132.0 53.0 0.0
 1 11250 427 734925.5 7172475.5 572.2804716923664 96.01207174076227 0.0 54766.56 240712.0 138155.0 64425.0 22023.0 4537.0 449.0 -22.0 69.0 109.0 0.0 269356.0 197081.0 110917.0 42584.0 10258.0 1762.0 458.0 118.0 28.0 0.0
 1 11250 428 734925.44 7172461.5 572.2961415711486 95.97315287870128 0.0 54766.06 239591.0 136681.0 63290.0 21632.0 4595.0 527.0 25.0 86.0 114.0 0.0 270332.0 199739.0 114126.0 44628.0 10797.0 1816.0 452.0 103.0 0.0 0.0
 1 11250 429 734925.38 7172447.5 572.216275496697 95.81779104129116 0.0 54765.71 238344.0 134880.0 61718.0 20985.0 4594.0 591.0 65.0 97.0 115.0 0.0 270940.0 201577.0 116621.0 46326.0 11285.0 1873.0 447.0 90.0 -25.0 0.0
 1 11250 430 734925.25 7172433.5 572.0809036435325 95.58079296720165 0.0 54765.62 237087.0 132931.0 59885.0 20154.0 4546.0 642.0 95.0 105.0 113.0 0.0 271114.0 202543.0 118300.0 47622.0 11708.0 1932.0 444.0 77.0 -47.0 0.0
 1 11250 431 734925.19 7172419.5 571.9316476565921 95.3157515021178 0.0 54765.8 235922.0 131019.0 57993.0 19236.0 4464.0 679.0 115.0 111.0 110.0 0.0 270715.0 202589.0 119115.0 48492.0 12056.0 1993.0 444.0 67.0 -64.0 0.0
 1 11250 432 734925.13 7172405.5 571.8091390417038 95.07119699700017 0.0 54765.95 234942.0 129314.0 56249.0 18340.0 4361.0 708.0 126.0 117.0 106.0 0.0 269526.0 201643.0 119057.0 48942.0 12326.0 2056.0 449.0 60.0 -74.0 0.0
 1 11250 433 734925.06 7172391.5 571.75431502709 94.8707627781182 0.0 54766.22 234242.0 127975.0 54832.0 17561.0 4253.0 731.0 131.0 121.0 103.0 0.0 267299.0 199617.0 118155.0 48997.0 12521.0 2123.0 459.0 57.0 -78.0 0.0
 1 11250 434 734925.0 7172377.5 571.807979526035 94.71075104250602 0.0 54766.59 233932.0 127161.0 53883.0 16966.0 4150.0 751.0 132.0 126.0 101.0 0.0 263854.0 196475.0 116477.0 48698.0 12648.0 2192.0 475.0 60.0 -78.0 0.0
 1 11250 435 734924.94 7172363.5 572.0166698562854 94.57369570699534 0.0 54767.17 234132.0 127032.0 53501.0 16591.0 4064.0 771.0 130.0 130.0 100.0 0.0 259212.0 192319.0 114156.0 48104.0 12721.0 2265.0 496.0 67.0 -73.0 0.0
 1 11250 436 734924.88 7172349.5 572.3879194218043 94.44343436377956 0.0 54767.93 234958.0 127744.0 53750.0 16446.0 4001.0 792.0 128.0 135.0 100.0 0.0 253680.0 187453.0 111405.0 47298.0 12752.0 2343.0 525.0 81.0 -64.0 0.0
 1 11250 437 734924.81 7172335.5 572.864115846131 94.3085918315232 0.0 54768.72 236481.0 129406.0 54653.0 16527.0 3968.0 813.0 126.0 139.0 102.0 0.0 247836.0 182381.0 108513.0 46380.0 12756.0 2427.0 561.0 99.0 -52.0 0.0
 1 11250 438 734924.81 7172321.5 573.3848537084984 94.15536893331885 0.0 54769.67 238685.0 132020.0 56185.0 16825.0 3965.0 834.0 124.0 143.0 105.0 0.0 242412.0 177718.0 105807.0 45460.0 12747.0 2519.0 604.0 122.0 -36.0 0.0
 1 11250 439 734924.81 7172307.5 573.8905139004027 93.96380611869878 0.0 54770.78 241428.0 135423.0 58242.0 17314.0 3989.0 855.0 122.0 147.0 109.0 0.0 238109.0 174060.0 103598.0 44643.0 12736.0 2620.0 655.0 149.0 -18.0 0.0
 1 11250 440 734924.81 7172293.5 574.321132763198 93.71905462930113 0.0 54772.19 244435.0 139270.0 60632.0 17950.0 4034.0 874.0 121.0 151.0 115.0 0.0 235446.0 171856.0 102126.0 44009.0 12734.0 2730.0 711.0 178.0 2.0 0.0
 1 11250 441 734924.81 7172279.5 574.6167466382354 93.43297996589045 0.0 54773.58 247328.0 143073.0 63082.0 18659.0 4091.0 891.0 120.0 156.0 120.0 0.0 234683.0 171341.0 101535.0 43611.0 12749.0 2852.0 773.0 209.0 24.0 0.0
 1 11250 442 734924.81 7172265.5 574.7104657542131 93.15682565690595 0.0 54774.97 249680.0 146303.0 65272.0 19344.0 4150.0 903.0 120.0 160.0 127.0 0.0 235817.0 172514.0 101860.0 43476.0 12794.0 2985.0 839.0 243.0 47.0 0.0
 1 11250 443 734924.88 7172251.5 574.5711052722055 92.96868937485831 0.0 54776.36 251089.0 148488.0 66891.0 19897.0 4201.0 911.0 120.0 164.0 133.0 0.0 238618.0 175160.0 103036.0 43606.0 12878.0 3131.0 909.0 280.0 70.0 0.0
 1 11250 444 734924.94 7172237.5 574.2785830834795 92.93815602029129 0.0 54777.76 251250.0 149303.0 67691.0 20217.0 4234.0 915.0 120.0 168.0 140.0 0.0 242666.0 178879.0 104897.0 43976.0 13013.0 3293.0 987.0 321.0 95.0 0.0
 1 11250 445 734925.0 7172224.0 573.9339878874305 93.09013361317166 0.0 54779.09 250006.0 148602.0 67527.0 20231.0 4244.0 914.0 121.0 172.0 146.0 0.0 247389.0 183137.0 107180.0 44531.0 13205.0 3472.0 1072.0 369.0 120.0 0.0
 1 11250 446 734925.06 7172210.5 573.6080959404985 93.39219717051917 0.0 54780.38 247374.0 146409.0 66377.0 19906.0 4228.0 910.0 123.0 176.0 152.0 0.0 252127.0 187334.0 109543.0 45178.0 13450.0 3669.0 1169.0 425.0 146.0 0.0
 1 11250 447 734925.13 7172197.0 573.3800393119784 93.77184438474954 0.0 54781.64 243515.0 142889.0 64330.0 19255.0 4184.0 906.0 127.0 180.0 158.0 0.0 256229.0 190891.0 111607.0 45794.0 13732.0 3883.0 1279.0 489.0 173.0 0.0
 1 11250 448 734925.19 7172183.5 573.3288883920334 94.15174753336048 0.0 54782.87 238665.0 138297.0 61562.0 18337.0 4116.0 901.0 131.0 184.0 163.0 0.0 259163.0 193333.0 113016.0 46249.0 14027.0 4112.0 1401.0 559.0 201.0 0.0
 1 11250 449 734925.25 7172170.0 573.5332442078646 94.48268237341281 0.0 54783.9 233055.0 132911.0 58290.0 17247.0 4026.0 896.0 138.0 187.0 168.0 0.0 260591.0 194343.0 113492.0 46432.0 14309.0 4352.0 1535.0 636.0 231.0 0.0
 1 11250 450 734925.31 7172156.5 574.0199071403425 94.75753931802493 0.0 54784.77 226854.0 126985.0 54727.0 16096.0 3922.0 893.0 146.0 190.0 172.0 0.0 260381.0 193757.0 112865.0 46274.0 14559.0 4601.0 1681.0 717.0 261.0 0.0
 1 11250 451 734925.38 7172143.0 574.7208676261149 95.00428625573984 0.0 54785.61 220168.0 120715.0 51055.0 14979.0 3812.0 890.0 158.0 193.0 176.0 0.0 258563.0 191530.0 111081.0 45756.0 14771.0 4855.0 1836.0 803.0 294.0 0.0
 1 11250 452 734925.44 7172129.5 575.5577316189119 95.26406944391304 0.0 54786.5 213070.0 114233.0 47406.0 13965.0 3705.0 888.0 172.0 196.0 179.0 0.0 255272.0 187681.0 108196.0 44910.0 14946.0 5114.0 2000.0 893.0 327.0 0.0
 1 11250 453 734925.5 7172115.5 576.4854693750434 95.56238557576826 0.0 54787.52 205640.0 107643.0 43880.0 13082.0 3608.0 888.0 191.0 199.0 181.0 14.993055555555554 250694.0 182272.0 104349.0 43800.0 15090.0 5374.0 2170.0 989.0 363.0 14.993055555555554
 1 11250 454 734925.56 7172101.0 577.418520186595 95.88148552274153 0.0 54788.62 197973.0 101052.0 40564.0 12334.0 3525.0 892.0 215.0 203.0 182.0 37.72569444444444 245040.0 175407.0 99741.0 42503.0 15207.0 5630.0 2342.0 1087.0 401.0 37.72569444444444
 1 11250 455 734925.75 7172087.0 578.2041355047729 96.14819559527668 0.0 54790.05 190169.0 94602.0 37545.0 11715.0 3459.0 903.0 246.0 209.0 184.0 50.428819444444436 238527.0 167266.0 94604.0 41085.0 15298.0 5872.0 2509.0 1186.0 440.0 50.428819444444436
 1 11250 456 734925.94 7172073.0 578.7864924797237 96.25234058263959 0.0 54791.47 182309.0 88472.0 34913.0 11220.0 3416.0 932.0 290.0 219.0 186.0 79.82638888888889 231372.0 158147.0 89179.0 39591.0 15350.0 6083.0 2658.0 1278.0 478.0 79.82638888888889
 1 11250 457 734926.13 7172059.0 579.2025483098674 96.09839114337794 0.0 54792.67 174442.0 82842.0 32742.0 10857.0 3410.0 997.0 357.0 241.0 192.0 98.70833333333333 223770.0 148477.0 83700.0 38043.0 15343.0 6237.0 2771.0 1352.0 512.0 98.70833333333333
 1 11250 458 734926.31 7172045.0 579.5367401224952 95.66783396666366 0.0 54792.94 166591.0 77847.0 31071.0 10641.0 3470.0 1124.0 466.0 287.0 209.0 135.5 215886.0 138775.0 78371.0 36443.0 15243.0 6305.0 2824.0 1396.0 534.0 135.5
 1 11250 459 734926.5 7172031.0 579.7929477944804 95.05070471492749 0.0 54792.32 158766.0 73534.0 29888.0 10599.0 3643.0 1357.0 650.0 379.0 248.0 153.0 207854.0 129561.0 73350.0 34784.0 15011.0 6257.0 2795.0 1396.0 541.0 153.0
 1 11250 460 734926.69 7172017.0 579.9751253924107 94.41770537879026 0.0 54791.29 150984.0 69850.0 29139.0 10772.0 3996.0 1753.0 954.0 552.0 328.0 170.5 199787.0 121243.0 68727.0 33057.0 14601.0 6065.0 2660.0 1339.0 524.0 170.5
 1 11250 461 734926.81 7172003.0 580.0878452245855 93.94304864607982 0.0 54790.22 143283.0 66678.0 28760.0 11217.0 4620.0 2386.0 1435.0 848.0 476.0 130.79166666666666 191801.0 114034.0 64521.0 31253.0 13977.0 5707.0 2405.0 1215.0 478.0 130.79166666666666
 1 11250 462 734927.06 7171989.0 580.1354604090537 93.72401627506835 0.0 54789.48 135740.0 63902.0 28703.0 12011.0 5617.0 3339.0 2162.0 1317.0 724.0 91.08333333333333 184030.0 107930.0 60689.0 29375.0 13120.0 5174.0 2026.0 1016.0 400.0 91.08333333333333
 1 11250 463 734927.25 7171975.0 580.1235014907403 93.74456261239065 0.0 54789.39 128486.0 61455.0 28975.0 13254.0 7095.0 4698.0 3203.0 2007.0 1102.0 45.541666666666664 176626.0 102756.0 57158.0 27439.0 12044.0 4482.0 1537.0 744.0 288.0 45.541666666666664
 1 11250 464 734927.44 7171961.0 580.0304936488665 93.8999718576535 0.0 54789.92 121720.0 59344.0 29638.0 15053.0 9150.0 6542.0 4617.0 2955.0 1634.0 0.0 169749.0 98265.0 53868.0 25492.0 10814.0 3681.0 977.0 412.0 147.0 0.0
 1 11250 465 734927.63 7171947.0 579.8353785683148 94.06197039393422 0.0 54790.97 115707.0 57624.0 30805.0 17502.0 11852.0 8924.0 6444.0 4183.0 2327.0 0.0 163546.0 94239.0 50809.0 23628.0 9557.0 2869.0 416.0 58.0 -8.0 0.0
 1 11250 466 734927.75 7171933.0 579.5658598790694 94.14370513376623 0.0 54792.28 110746.0 56353.0 32599.0 20658.0 15222.0 11859.0 8693.0 5690.0 3174.0 0.0 158115.0 90568.0 48050.0 22001.0 8470.0 2197.0 -43.0 -256.0 -151.0 0.0
 1 11250 467 734927.88 7171919.0 579.2493597977563 94.1326830065942 0.0 54793.75 107098.0 55548.0 35102.0 24509.0 19218.0 15311.0 11340.0 7458.0 4152.0 0.0 153475.0 87271.0 45757.0 20836.0 7805.0 1863.0 -261.0 -442.0 -243.0 0.0
 1 11250 468 734927.94 7171905.0 578.9123714142901 94.08276803621541 0.0 54795.23 104910.0 55157.0 38295.0 28945.0 23714.0 19176.0 14314.0 9446.0 5228.0 0.0 149560.0 84463.0 44182.0 20411.0 7852.0 2100.0 -71.0 -388.0 -231.0 0.0
 1 11250 469 734928.0 7171891.0 578.5821741487773 94.08109093825375 0.0 54796.66 104161.0 55080.0 42012.0 33741.0 28489.0 23279.0 17493.0 11586.0 6363.0 0.0 146236.0 82284.0 43629.0 21030.0 8901.0 3150.0 709.0 30.0 -54.0 0.0
 1 11250 470 734928.06 7171877.0 578.2856867968524 94.21063540131055 0.0 54798.07 104670.0 55196.0 45932.0 38556.0 33234.0 27374.0 20705.0 13778.0 7513.0 0.0 143349.0 80822.0 44395.0 22969.0 11198.0 5226.0 2250.0 937.0 355.0 0.0
 1 11250 471 734928.13 7171863.0 578.0223493299459 94.51743834845418 0.0 54799.47 106148.0 55395.0 49616.0 42970.0 37579.0 31163.0 23731.0 15891.0 8626.0 0.0 140760.0 80081.0 46677.0 26399.0 14884.0 8466.0 4679.0 2432.0 1059.0 0.0
 1 11250 472 734928.13 7171849.0 577.743254755271 94.98933983326863 0.0 54800.84 108285.0 55595.0 52594.0 46550.0 41151.0 34337.0 26341.0 17772.0 9644.0 0.0 138371.0 79979.0 50484.0 31308.0 19933.0 12869.0 8023.0 4561.0 2098.0 0.0
 1 11250 473 734928.06 7171835.0 577.4600160730294 95.55750974391857 0.0 54802.16 110816.0 55744.0 54468.0 48939.0 43637.0 36633.0 28331.0 19280.0 10509.0 285.0 136114.0 80379.0 55573.0 37444.0 26110.0 18261.0 12178.0 7281.0 3471.0 285.0
 1 11250 474 734928.0 7171821.0 577.1884135185517 96.12862496922573 0.0 54803.47 113553.0 55821.0 54994.0 49916.0 44841.0 37881.0 29566.0 20313.0 11175.0 1408.0 133941.0 81108.0 61444.0 44323.0 32972.0 24285.0 16894.0 10446.0 5121.0 1408.0
 1 11250 475 734927.94 7171807.5 576.9507211054183 96.63372862668028 0.0 54804.78 116389.0 55833.0 54132.0 49443.0 44719.0 38038.0 29997.0 20827.0 11619.0 2656.6875 131814.0 81969.0 67425.0 51299.0 39935.0 30454.0 21806.0 13823.0 6936.0 2656.6875
 1 11250 476 734927.94 7171794.0 576.7498747749531 97.06478089628621 0.0 54806.08 119276.0 55808.0 52043.0 47656.0 43376.0 37185.0 29669.0 20843.0 11843.0 3828.25 129713.0 82746.0 72816.0 57699.0 46383.0 36243.0 26505.0 17138.0 8770.0 3828.25
 1 11250 477 734927.94 7171780.5 576.5980016661287 97.47022874882033 0.0 54807.37 122210.0 55795.0 49043.0 44837.0 41043.0 35506.0 28698.0 20431.0 11875.0 5102.0 127641.0 83235.0 77045.0 62967.0 51801.0 41200.0 30628.0 20132.0 10483.0 5102.0
 1 11250 478 734927.94 7171767.0 576.5020516196851 97.90461791138969 0.0 54808.66 125201.0 55851.0 45540.0 41355.0 38031.0 33242.0 27236.0 19691.0 11754.0 6003.0 125637.0 83287.0 79763.0 66759.0 55860.0 45029.0 33927.0 22624.0 11966.0 6003.0
 1 11250 479 734927.94 7171753.5 576.4344388218401 98.36615657453322 0.0 54810.15 128258.0 56033.0 41938.0 37591.0 34673.0 30642.0 25445.0 18727.0 11519.0 6125.0 123774.0 82838.0 80867.0 68962.0 58442.0 47620.0 36298.0 24525.0 13164.0 6125.0
 1 11250 480 734928.0 7171740.0 576.3944271448391 98.77109851697969 0.0 54811.74 131363.0 56382.0 38564.0 33871.0 31263.0 27914.0 23463.0 17630.0 11195.0 6457.0 122142.0 81911.0 80447.0 69647.0 59608.0 49018.0 37760.0 25834.0 14072.0 6457.0
 1 11250 481 734928.06 7171726.5 576.3874225641687 98.99010288410993 0.0 54813.38 134453.0 56922.0 35625.0 30422.0 28011.0 25202.0 21396.0 16467.0 10793.0 6742.583333333333 120835.0 80600.0 78714.0 68992.0 59525.0 49359.0 38409.0 26604.0 14715.0 6742.583333333333
 1 11250 482 734928.13 7171713.0 576.4189732402788 98.92605444024288 0.0 54815.1 137415.0 57666.0 33213.0 27368.0 25042.0 22597.0 19318.0 15280.0 10319.0 7043.0 119937.0 79031.0 75946.0 67225.0 58403.0 48817.0 38371.0 26914.0 15136.0 7043.0
 1 11250 483 734928.25 7171699.0 576.4987077891503 98.58091679182962 0.0 54816.84 140105.0 58616.0 31353.0 24768.0 22418.0 20166.0 17291.0 14086.0 9775.0 7351.583333333333 119520.0 77346.0 72450.0 64591.0 56467.0 47571.0 37780.0 26849.0 15379.0 7351.583333333333
 1 11250 484 734928.38 7171684.5 576.6374822377392 98.06519052196244 0.0 54818.91 142385.0 59769.0 30065.0 22665.0 20188.0 17983.0 15384.0 12890.0 9175.0 7601.166666666666 119639.0 75691.0 68552.0 61352.0 53948.0 45804.0 36767.0 26497.0 15486.0 7601.166666666666
 1 11250 485 734928.5 7171670.5 576.8319772847503 97.54335240515199 0.0 54820.98 144162.0 61108.0 29402.0 21116.0 18410.0 16145.0 13682.0 11702.0 8541.0 7729.180555555555 120341.0 74226.0 64589.0 57793.0 51088.0 43711.0 35473.0 25946.0 15493.0 7729.180555555555
 1 11250 486 734928.63 7171656.5 577.1067522075311 97.1521321657528 0.0 54823.18 145408.0 62599.0 29450.0 20198.0 17163.0 14763.0 12282.0 10550.0 7900.0 7906.074652777777 121650.0 73115.0 60890.0 54215.0 48139.0 41493.0 34044.0 25284.0 15428.0 7906.074652777777
 1 11250 487 734928.81 7171642.5 577.4549447183186 96.94275514410626 0.0 54825.43 146145.0 64191.0 30278.0 19974.0 16515.0 13930.0 11273.0 9487.0 7280.0 8040.2245370370365 123561.0 72526.0 57755.0 50910.0 45346.0 39344.0 32615.0 24586.0 15313.0 8040.2245370370365
 1 11250 488 734929.0 7171628.5 577.8557640310015 96.87871854936728 0.0 54827.7 146420.0 65814.0 31884.0 20461.0 16494.0 13693.0 10708.0 8577.0 6699.0 8206.875 126026.0 72605.0 55422.0 48136.0 42923.0 37430.0 31301.0 23909.0 15158.0 8206.875
 1 11250 489 734929.19 7171614.5 578.2888682459013 96.88026260928667 0.0 54830.2 146263.0 67370.0 34145.0 21605.0 17069.0 14022.0 10581.0 7877.0 6168.0 8292.972222222223 128955.0 73467.0 54057.0 46093.0 41036.0 35877.0 30182.0 23283.0 14969.0 8292.972222222223
 1 11250 490 734929.38 7171600.5 578.7340452566907 96.8786422354396 0.0 54832.65 145674.0 68735.0 36810.0 23275.0 18142.0 14811.0 10826.0 7409.0 5689.0 8379.0 132211.0 75166.0 53745.0 44912.0 39789.0 34764.0 29306.0 22725.0 14743.0 8379.0
 1 11250 491 734929.63 7171586.5 579.1717728726669 96.84528825690445 0.0 54835.03 144619.0 69754.0 39541.0 25278.0 19567.0 15894.0 11332.0 7150.0 5256.0 8471.666666666666 135614.0 77674.0 54487.0 44645.0 39231.0 34127.0 28694.0 22235.0 14476.0 8471.666666666666
 1 11250 492 734929.94 7171572.5 579.5815985901868 96.78595889569797 0.0 54837.43 143057.0 70263.0 41981.0 27375.0 21152.0 17073.0 11961.0 7043.0 4857.0 8423.0 138933.0 80855.0 56199.0 45264.0 39350.0 33963.0 28345.0 21817.0 14167.0 8423.0
 1 11250 493 734930.19 7171558.5 579.9857141500762 96.71706526256037 0.0 54839.81 140962.0 70114.0 43820.0 29310.0 22685.0 18159.0 12582.0 7015.0 4484.0 7966.0 141895.0 84457.0 58696.0 46654.0 40076.0 34229.0 28238.0 21473.0 13815.0 7966.0
 1 11250 494 734930.44 7171544.5 580.4030258798377 96.64792534630688 0.0 54842.13 138351.0 69208.0 44854.0 30844.0 23956.0 18996.0 13080.0 6982.75 4131.0 7185.666666666666 144210.0 88129.0 61692.0 48613.0 41277.0 34841.0 28339.0 21203.0 13420.0 7185.666666666666
 1 11250 495 734930.69 7171530.5 580.8202421441351 96.57806081516337 0.0 54844.35 135289.0 67526.0 44997.0 31792.0 24789.0 19480.0 13376.0 6966.0 3792.0 6387.0 145637.0 91477.0 64823.0 50856.0 42753.0 35673.0 28587.0 21001.0 12984.0 6387.0
 1 11250 496 734931.0 7171516.5 581.2242327103899 96.50313378434839 0.0 54846.54 131886.0 65136.0 44288.0 32067.0 25086.0 19567.0 13425.0 6880.0 3469.0 5875.0 146042.0 94131.0 67692.0 53053.0 44257.0 36557.0 28894.0 20840.0 12506.0 5875.0
 1 11250 497 734931.31 7171502.5 581.6023042598927 96.4209886758357 0.0 54848.57 128290.0 62189.0 42859.0 31693.0 24839.0 19268.0 13221.0 6742.0 3160.0 5554.0 145448.0 95831.0 69932.0 54872.0 45519.0 37300.0 29144.0 20675.0 11989.0 5554.0
 1 11250 498 734931.63 7171488.5 581.9423795309607 96.33343826471278 0.0 54850.66 124663.0 58903.0 40909.0 30793.0 24130.0 18638.0 12789.0 6556.0 2868.0 5654.0 144027.0 96464.0 71264.0 56031.0 46285.0 37707.0 29205.0 20437.0 11431.0 5654.0
 1 11250 499 734931.94 7171474.5 582.2331386177017 96.24216445005726 0.0 54852.76 121166.0 55533.0 38662.0 29547.0 23087.0 17761.0 12179.0 6335.0 2593.0 5525.0 142046.0 96080.0 71536.0 56342.0 46361.0 37618.0 28953.0 20054.0 10836.0 5525.0
 1 11250 500 734932.25 7171460.5 582.475193434782 96.14514707943934 0.0 54855.26 117931.0 52347.0 36337.0 28135.0 21854.0 16727.0 11450.0 6092.0 2339.0 5664.0 139795.0 94856.0 70730.0 55734.0 45640.0 36928.0 28297.0 19458.0 10203.0 5664.0
 1 11250 501 734932.5 7171446.5 582.6793999020225 96.037409459301 0.0 54858.16 115040.0 49589.0 34113.0 26700.0 20552.0 15624.0 10662.0 5840.0 2110.0 5352.0 137524.0 93036.0 68963.0 54245.0 44117.0 35612.0 27198.0 18610.0 9534.0 5352.0
 1 11250 502 734932.75 7171432.5 582.8431178241337 95.91549086255813 0.0 54861.36 112520.0 47431.0 32116.0 25333.0 19269.0 14521.0 9865.0 5589.0 1913.0 4671.875 135418.0 90863.0 66456.0 52004.0 41884.0 33725.0 25680.0 17509.0 8833.0 4671.875
 1 11250 503 734933.06 7171418.5 582.9637809223275 95.78189923279943 0.0 54864.66 110350.0 45937.0 30404.0 24071.0 18056.0 13474.0 9095.0 5345.0 1755.0 4145.5 133596.0 88534.0 63510.0 49195.0 39118.0 31391.0 23823.0 16194.0 8109.0 4145.5
 1 11250 504 734933.38 7171404.5 583.0398528304646 95.6486934822986 0.0 54867.82 108474.0 45060.0 28981.0 22914.0 16930.0 12520.0 8378.0 5110.0 1645.0 3639.333333333333 132127.0 86182.0 60449.0 46030.0 36044.0 28780.0 21749.0 14735.0 7372.0 3639.333333333333
 1 11250 505 734933.63 7171390.5 583.0693990782944 95.5386496061435 0.0 54870.97 106825.0 44676.0 27808.0 21843.0 15890.0 11675.0 7732.0 4880.0 1585.0 3276.083333333333 131043.0 83877.0 57556.0 42729.0 32900.0 26080.0 19596.0 13222.0 6642.0 3276.083333333333
 1 11250 506 734933.88 7171376.5 583.049531979073 95.48051763554213 0.0 54874.04 105341.0 44641.0 26831.0 20826.0 14922.0 10938.0 7168.0 4652.0 1574.0 2911.1481481481483 130336.0 81651.0 55011.0 39505.0 29899.0 23463.0 17500.0 11750.0 5942.0 2911.1481481481483
 1 11250 507 734934.13 7171362.5 582.958632263667 95.4959785100944 0.0 54877.13 103977.0 44846.0 25999.0 19834.0 14010.0 10287.0 6686.0 4420.0 1599.0 2551.1666666666665 129958.0 79511.0 52856.0 36554.0 27203.0 21071.0 15575.0 10401.0 5300.0 2551.1666666666665
 1 11250 508 734934.38 7171348.5 582.7704411537178 95.58172167939114 0.0 54880.21 102706.0 45220.0 25264.0 18836.0 13142.0 9688.0 6275.0 4183.0 1638.0 2173.7569444444443 129820.0 77460.0 51023.0 34023.0 24905.0 19000.0 13900.0 9237.0 4741.0 2173.7569444444443
 1 11250 509 734934.56 7171334.5 582.5134875722413 95.69749986880136 0.0 54883.29 101521.0 45721.0 24590.0 17813.0 12303.0 9105.0 5912.0 3943.0 1670.0 1777.0 129814.0 75497.0 49397.0 31984.0 23033.0 17294.0 12517.0 8290.0 4280.0 1777.0
 1 11250 510 734934.75 7171320.5 582.2189373448986 95.77180417646551 0.0 54886.5 100437.0 46309.0 23954.0 16750.0 11481.0 8509.0 5571.0 3701.0 1675.0 1447.0 129832.0 73625.0 47872.0 30419.0 21553.0 15946.0 11423.0 7562.0 3917.0 1447.0
 1 11250 511 734934.94 7171306.5 581.9169643974969 95.72960673813263 0.0 54889.75 99521.0 46943.0 23343.0 15641.0 10666.0 7888.0 5229.0 3456.0 1643.0 1522.0 129785.0 71848.0 46385.0 29235.0 20391.0 14908.0 10582.0 7028.0 3642.0 1522.0
 1 11250 512 734935.13 7171292.5 581.6374114833387 95.52860590861039 0.0 54893.09 98919.0 47598.0 22767.0 14486.0 9848.0 7241.0 4871.0 3207.0 1572.0 1434.0 129596.0 70174.0 44911.0 28297.0 19455.0 14100.0 9936.0 6644.0 3435.0 1434.0
 1 11250 513 734935.25 7171278.5 581.4075693729758 95.17927239754371 0.0 54896.46 98899.0 48275.0 22253.0 13285.0 9018.0 6576.0 4491.0 2951.0 1468.0 1300.0 129201.0 68619.0 43450.0 27474.0 18651.0 13436.0 9420.0 6357.0 3274.0 1300.0
 1 11250 514 734935.38 7171264.5 581.2479357792881 94.73291815688673 0.0 54899.88 99847.0 49011.0 21842.0 12044.0 8174.0 5900.0 4088.0 2685.0 1341.0 1336.0 128541.0 67222.0 42009.0 26662.0 17907.0 12836.0 8977.0 6119.0 3141.0 1336.0
 1 11250 515 734935.44 7171250.5 581.1287930803063 94.24654620275774 0.0 54903.31 102232.0 49861.0 21572.0 10776.0 7316.0 5217.0 3668.0 2410.0 1197.0 1305.1111111111109 127567.0 66048.0 40593.0 25800.0 17169.0 12243.0 8563.0 5893.0 3020.0 1305.1111111111109
 1 11250 516 734935.5 7171236.0 581.0372112730387 93.75242130125126 0.0 54906.88 106504.0 50875.0 21467.0 9506.0 6450.0 4533.0 3236.0 2131.0 1044.0 1248.7083333333333 126251.0 65180.0 39213.0 24864.0 16407.0 11628.0 8151.0 5655.0 2905.0 1248.7083333333333
 1 11250 517 734935.56 7171222.0 580.9698313477053 93.25584690018013 0.0 54910.5 112965.0 52083.0 21526.0 8278.0 5589.0 3859.0 2802.0 1852.0 890.0 1208.1666666666665 124601.0 64685.0 37883.0 23853.0 15608.0 10984.0 7728.0 5395.0 2791.0 1208.1666666666665
 1 11250 518 734935.63 7171208.0 580.913765627986 92.7599212554786 0.0 54914.16 121635.0 53510.0 21732.0 7145.0 4751.0 3209.0 2376.0 1583.0 741.0 1186.8333333333333 122690.0 64583.0 36633.0 22782.0 14771.0 10316.0 7286.0 5110.0 2673.0 1186.8333333333333
 1 11250 519 734935.69 7171194.0 580.8595769672914 92.29196419870411 0.0 54917.8 132175.0 55209.0 22053.0 6166.0 3955.0 2605.0 1972.0 1328.0 604.0 1141.7916666666665 120694.0 64828.0 35502.0 21670.0 13905.0 9636.0 6827.0 4802.0 2548.0 1141.7916666666665
 1 11250 520 734935.69 7171179.5 580.7958298916597 91.90468482598861 0.0 54921.36 143885.0 57270.0 22460.0 5388.0 3216.0 2064.0 1599.0 1094.0 483.0 1098.375 118927.0 65335.0 34541.0 20541.0 13024.0 8955.0 6353.0 4475.0 2410.0 1098.375
 1 11250 521 734935.69 7171165.5 580.7204665948823 91.64947089367243 0.0 54924.73 155807.0 59803.0 22930.0 4831.0 2547.0 1600.0 1268.0 882.0 382.0 1082.7847222222222 117812.0 66031.0 33799.0 19424.0 12143.0 8280.0 5870.0 4131.0 2255.0 1082.7847222222222
 1 11250 522 734935.69 7171151.5 580.6383753490361 91.54365490076768 0.0 54927.75 166911.0 62860.0 23450.0 4489.0 1950.0 1215.0 979.0 691.0 299.0 1075.0 117771.0 66900.0 33313.0 18350.0 11277.0 7617.0 5385.0 3773.0 2076.0 1075.0
 1 11250 523 734935.63 7171137.0 580.5529331641474 91.55728726779948 0.0 54930.35 176310.0 66356.0 24004.0 4333.0 1429.0 901.0 731.0 519.0 233.0 1055.0 119079.0 67996.0 33100.0 17348.0 10437.0 6971.0 4904.0 3404.0 1872.0 1055.0
 1 11250 524 734935.56 7171122.5 580.4732415364148 91.62947883509072 0.0 54932.41 183429.0 70034.0 24572.0 4325.0 987.0 644.0 519.0 364.0 179.0 929.0 121758.0 69402.0 33158.0 16443.0 9634.0 6347.0 4435.0 3031.0 1646.0 929.0
 1 11250 525 734935.44 7171108.0 580.4052439753508 91.70107013091408 0.0 54933.89 188086.0 73504.0 25125.0 4431.0 627.0 432.0 337.0 228.0 136.0 715.4166666666666 125587.0 71174.0 33462.0 15652.0 8877.0 5755.0 3986.0 2663.0 1409.0 715.4166666666666
 1 11250 526 734935.31 7171093.5 580.355425089791 91.74127982614371 0.0 54934.73 190448.0 76369.0 25635.0 4623.0 353.0 254.0 184.0 113.0 99.0 544.7751736111111 130212.0 73307.0 33973.0 14984.0 8176.0 5204.0 3566.0 2313.0 1177.0 544.7751736111111
 1 11250 527 734935.19 7171079.0 580.3305640612137 91.75391946035886 0.0 54935.08 190917.0 78365.0 26080.0 4876.0 167.0 105.0 57.0 21.0 68.0 357.7395833333333 135270.0 75734.0 34647.0 14443.0 7545.0 4703.0 3185.0 1999.0 967.0 357.7395833333333
 1 11250 528 734935.06 7171064.5 580.3500142497578 91.76494240275078 0.0 54935.04 189995.0 79436.0 26452.0 5174.0 61.0 -19.0 -44.0 -49.0 41.0 169.20833333333331 140469.0 78359.0 35442.0 14034.0 6991.0 4261.0 2850.0 1734.0 793.0 169.20833333333331
 1 11250 529 734934.81 7171050.0 580.4494610458164 91.8026086412845 0.0 54934.97 188178.0 79718.0 26748.0 5498.0 24.0 -119.0 -121.0 -97.0 17.0 0.0 145612.0 81090.0 36324.0 13759.0 6520.0 3876.0 2563.0 1525.0 662.0 0.0
 1 11250 530 734934.56 7171035.5 580.598923470237 91.88268302679265 0.0 54935.16 185885.0 79440.0 26970.0 5831.0 36.0 -196.0 -177.0 -129.0 -4.0 0.0 150583.0 83857.0 37271.0 13618.0 6128.0 3542.0 2321.0 1369.0 572.0 0.0
 1 11250 531 734934.31 7171021.5 580.7558558537886 92.00425785997236 0.0 54935.82 183421.0 78826.0 27116.0 6155.0 81.0 -254.0 -217.0 -148.0 -23.0 0.0 155327.0 86618.0 38272.0 13608.0 5806.0 3248.0 2116.0 1255.0 515.0 0.0
 1 11250 532 734933.94 7171008.0 580.886677259053 92.15463851209859 0.0 54936.92 180973.0 78037.0 27184.0 6451.0 140.0 -294.0 -243.0 -161.0 -40.0 0.0 159833.0 89349.0 39322.0 13723.0 5542.0 2982.0 1939.0 1171.0 481.0 0.0
 1 11250 533 734933.56 7170994.0 580.9693043063918 92.31752599011455 0.0 54938.46 178628.0 77158.0 27171.0 6703.0 201.0 -323.0 -260.0 -169.0 -54.0 0.0 164111.0 92044.0 40417.0 13954.0 5327.0 2737.0 1782.0 1106.0 462.0 0.0
 1 11250 534 734933.19 7170980.0 580.9644829567419 92.4806284847759 0.0 54940.43 176406.0 76224.0 27070.0 6900.0 257.0 -342.0 -270.0 -175.0 -68.0 0.0 168165.0 94709.0 41554.0 14287.0 5151.0 2510.0 1640.0 1049.0 449.0 0.0
 1 11250 535 734932.75 7170966.0 580.8375852171797 92.6412334753598 0.0 54942.81 174289.0 75242.0 26876.0 7034.0 301.0 -357.0 -277.0 -181.0 -81.0 0.0 171987.0 97346.0 42724.0 14705.0 5015.0 2304.0 1512.0 998.0 440.0 0.0
 1 11250 536 734932.25 7170952.0 580.5825180680642 92.80787405868735 0.0 54945.57 172257.0 74208.0 26587.0 7104.0 334.0 -369.0 -282.0 -187.0 -94.0 0.0 175541.0 99932.0 43919.0 15185.0 4917.0 2125.0 1396.0 951.0 433.0 0.0
 1 11250 537 734931.69 7170938.0 580.238592973114 92.99573467348935 0.0 54948.55 170306.0 73122.0 26212.0 7111.0 355.0 -380.0 -285.0 -193.0 -107.0 0.0 178767.0 102403.0 45128.0 15707.0 4860.0 1980.0 1296.0 907.0 426.0 0.0
 1 11250 538 734931.13 7170924.0 579.8479922429555 93.21578156212371 0.0 54951.68 168460.0 72006.0 25768.0 7059.0 366.0 -390.0 -288.0 -198.0 -118.0 0.0 181563.0 104646.0 46326.0 16248.0 4843.0 1870.0 1211.0 867.0 418.0 0.0
 1 11250 539 734930.5 7170910.0 579.452411487762 93.46499186147759 0.0 54954.96 166788.0 70911.0 25286.0 6958.0 370.0 -398.0 -288.0 -201.0 -128.0 0.0 183802.0 106516.0 47478.0 16789.0 4863.0 1795.0 1141.0 829.0 411.0 0.0
 1 11250 540 734929.94 7170896.0 579.0933867315123 93.72224007049223 0.0 54958.5 165401.0 69927.0 24811.0 6819.0 368.0 -405.0 -286.0 -201.0 -132.0 0.0 185357.0 107873.0 48530.0 17313.0 4912.0 1748.0 1083.0 795.0 404.0 0.0
 1 11250 541 734929.31 7170882.0 578.811945959224 93.95228589082446 0.0 54961.79 164456.0 69183.0 24393.0 6658.0 364.0 -407.0 -281.0 -196.0 -130.0 0.0 186141.0 108619.0 49423.0 17806.0 4981.0 1720.0 1036.0 763.0 396.0 0.0
 1 11250 542 734928.69 7170868.0 578.6490156309218 94.11926581165183 0.0 54965.03 164142.0 68836.0 24092.0 6494.0 360.0 -406.0 -272.0 -186.0 -119.0 0.0 186145.0 108722.0 50104.0 18259.0 5060.0 1704.0 996.0 733.0 389.0 0.0
 1 11250 543 734928.13 7170854.0 578.6179010863967 94.2043084742709 0.0 54968.13 164678.0 69066.0 23973.0 6347.0 358.0 -399.0 -259.0 -170.0 -100.0 0.0 185438.0 108218.0 50556.0 18669.0 5144.0 1693.0 960.0 702.0 381.0 0.0
 1 11250 544 734927.5 7170840.0 578.6774053909231 94.21933798767041 0.0 54970.73 166308.0 70068.0 24113.0 6239.0 362.0 -388.0 -244.0 -148.0 -73.0 0.0 184160.0 107200.0 50799.0 19035.0 5226.0 1684.0 928.0 672.0 373.0 0.0
 1 11250 545 734926.88 7170826.0 578.7818821912682 94.20561014800661 0.0 54972.81 169284.0 72038.0 24606.0 6197.0 374.0 -372.0 -225.0 -121.0 -39.0 0.0 182490.0 105796.0 50895.0 19362.0 5305.0 1673.0 897.0 641.0 364.0 0.0
 1 11250 546 734926.25 7170812.0 578.8857875419599 94.21021348789957 0.0 54974.49 173831.0 75157.0 25556.0 6252.0 398.0 -353.0 -204.0 -89.0 -2.0 0.0 180627.0 104167.0 50928.0 19657.0 5377.0 1659.0 867.0 608.0 353.0 0.0
 1 11250 547 734925.69 7170798.0 578.9451894717293 94.24816549931734 0.0 54975.68 180086.0 79540.0 27058.0 6438.0 436.0 -330.0 -181.0 -53.0 37.0 0.0 178790.0 102510.0 50992.0 19928.0 5441.0 1641.0 838.0 574.0 340.0 0.0
 1 11250 548 734925.13 7170784.0 578.9150122477814 94.2722501082141 0.0 54976.7 188016.0 85181.0 29165.0 6781.0 494.0 -306.0 -156.0 -12.0 76.0 0.0 177223.0 101065.0 51181.0 20184.0 5494.0 1617.0 808.0 536.0 324.0 0.0
 1 11250 549 734924.63 7170770.0 578.7523587742062 94.17720140009139 0.0 54977.37 197358.0 91905.0 31854.0 7291.0 573.0 -279.0 -130.0 33.0 114.0 0.0 176197.0 100120.0 51582.0 20435.0 5536.0 1588.0 777.0 495.0 304.0 0.0
 1 11250 550 734924.19 7170756.0 578.4407884613535 93.84917064553493 0.0 54977.64 207609.0 99360.0 35010.0 7953.0 673.0 -251.0 -102.0 80.0 150.0 0.0 175980.0 99981.0 52275.0 20689.0 5567.0 1553.0 745.0 448.0 280.0 0.0
 1 11250 551 734923.81 7170742.0 578.0205517132163 93.24074491936501 0.0 54977.81 218090.0 107067.0 38439.0 8730.0 793.0 -221.0 -75.0 128.0 182.0 0.0 176781.0 100924.0 53311.0 20952.0 5588.0 1513.0 712.0 397.0 252.0 0.0
 1 11250 552 734923.44 7170728.0 577.5382255861849 92.42585213756779 0.0 54977.74 228075.0 114511.0 41905.0 9563.0 926.0 -190.0 -49.0 173.0 207.0 0.0 178690.0 103119.0 54698.0 21227.0 5601.0 1468.0 678.0 340.0 219.0 0.0
 1 11250 553 734923.13 7170714.0 577.0426492518129 91.59151979080576 0.0 54977.57 236942.0 121241.0 45182.0 10390.0 1065.0 -158.0 -25.0 212.0 226.0 0.0 181632.0 106547.0 56389.0 21517.0 5609.0 1421.0 645.0 279.0 181.0 0.0
 1 11250 554 734922.81 7170699.0 576.5502786798352 90.95990217611235 0.0 54977.35 244287.0 126944.0 48094.0 11158.0 1203.0 -127.0 -4.0 244.0 235.0 0.0 185386.0 110967.0 58282.0 21816.0 5612.0 1372.0 612.0 217.0 139.0 0.0
 1 11250 555 734922.56 7170684.5 576.1677931775786 90.68052163070087 0.0 54977.15 249963.0 131470.0 50532.0 11827.0 1334.0 -97.0 14.0 265.0 234.0 0.0 189634.0 115937.0 60237.0 22119.0 5613.0 1322.0 581.0 159.0 96.0 0.0
 1 11250 556 734922.38 7170670.0 575.9299391201114 90.7563556916123 0.0 54977.08 254047.0 134819.0 52457.0 12377.0 1454.0 -69.0 26.0 275.0 225.0 0.0 194018.0 120907.0 62108.0 22413.0 5612.0 1273.0 552.0 108.0 53.0 0.0
 1 11250 557 734922.25 7170655.5 575.827070293872 91.04950239938726 0.0 54977.13 256757.0 137101.0 53884.0 12805.0 1562.0 -44.0 31.0 275.0 208.0 0.0 198202.0 125353.0 63761.0 22685.0 5610.0 1226.0 526.0 71.0 15.0 0.0
 1 11250 558 734922.13 7170641.0 575.8188276937084 91.36014493927767 0.0 54977.46 258360.0 138480.0 54865.0 13118.0 1660.0 -22.0 26.0 263.0 187.0 0.0 201896.0 128902.0 65097.0 22921.0 5606.0 1184.0 502.0 48.0 -15.0 0.0
 1 11250 559 734922.06 7170626.5 575.8758429204821 91.5268766061927 0.0 54977.95 259102.0 139127.0 55469.0 13334.0 1751.0 -4.0 11.0 244.0 164.0 0.0 204888.0 131397.0 66065.0 23108.0 5600.0 1150.0 481.0 42.0 -36.0 0.0
 1 11250 560 734922.06 7170612.0 575.9677197017013 91.49169704559118 0.0 54978.51 259168.0 139176.0 55769.0 13471.0 1836.0 7.0 -15.0 219.0 142.0 0.0 207059.0 132886.0 66669.0 23237.0 5592.0 1126.0 463.0 49.0 -47.0 0.0
 1 11250 561 734922.06 7170597.5 576.0626122592737 91.30014980820607 0.0 54979.39 258662.0 138702.0 55816.0 13547.0 1920.0 11.0 -50.0 190.0 123.0 0.0 208385.0 133554.0 66951.0 23301.0 5583.0 1113.0 447.0 66.0 -49.0 0.0
 1 11250 562 734922.13 7170583.0 576.1309089177612 91.04942364003341 0.0 54980.42 257606.0 137719.0 55636.0 13580.0 2003.0 8.0 -90.0 160.0 110.0 0.0 208920.0 133627.0 66979.0 23301.0 5574.0 1111.0 433.0 88.0 -44.0 0.0
 1 11250 563 734922.19 7170568.5 576.1454063551971 90.8233658581344 0.0 54981.66 255952.0 136197.0 55218.0 13577.0 2086.0 0.0 -129.0 131.0 101.0 0.0 208749.0 133294.0 66815.0 23238.0 5566.0 1118.0 420.0 113.0 -34.0 0.0
 1 11250 564 734922.25 7170555.0 576.1371155282368 90.6513274454432 0.0 54983.04 253617.0 134094.0 54527.0 13545.0 2171.0 -7.0 -161.0 103.0 97.0 0.0 207961.0 132666.0 66498.0 23122.0 5561.0 1130.0 407.0 137.0 -21.0 0.0
 1 11250 565 734922.38 7170541.0 576.1200508583049 90.50695991084864 0.0 54984.44 250526.0 131390.0 53526.0 13482.0 2258.0 -6.0 -181.0 77.0 95.0 0.0 206618.0 131760.0 66033.0 22963.0 5564.0 1145.0 394.0 159.0 -5.0 0.0
 1 11250 566 734922.5 7170527.0 576.0943883748363 90.33976282758903 0.0 54985.82 246666.0 128116.0 52194.0 13387.0 2348.0 8.0 -185.0 55.0 95.0 0.0 204761.0 130524.0 65393.0 22771.0 5577.0 1160.0 379.0 178.0 12.0 0.0
 1 11250 567 734922.69 7170513.0 576.0620616750133 90.11787999099366 0.0 54987.07 242099.0 124363.0 50555.0 13261.0 2444.0 37.0 -176.0 37.0 97.0 0.0 202418.0 128870.0 64536.0 22557.0 5604.0 1173.0 361.0 191.0 30.0 0.0
 1 11250 568 734922.88 7170499.0 576.0230558853708 89.85648343632846 0.0 54988.11 236956.0 120269.0 48668.0 13105.0 2546.0 79.0 -155.0 24.0 98.0 0.0 199633.0 126728.0 63428.0 22325.0 5648.0 1184.0 339.0 198.0 47.0 0.0
 1 11250 569 734923.13 7170485.0 575.9791992296277 89.61667426179866 0.0 54989.02 231398.0 115982.0 46622.0 12926.0 2659.0 130.0 -127.0 16.0 100.0 0.0 196471.0 124092.0 62072.0 22079.0 5710.0 1192.0 311.0 198.0 61.0 0.0
 1 11250 570 734923.38 7170471.0 575.930796357661 89.47628348113113 0.0 54989.88 225575.0 111625.0 44507.0 12730.0 2780.0 187.0 -96.0 14.0 101.0 0.0 193029.0 121041.0 60514.0 21824.0 5788.0 1197.0 278.0 191.0 72.0 0.0
 1 11250 571 734923.56 7170457.0 575.8981470050959 89.48796362116815 0.0 54991.0 219608.0 107282.0 42396.0 12521.0 2909.0 245.0 -63.0 16.0 102.0 0.0 189434.0 117739.0 58843.0 21572.0 5882.0 1201.0 240.0 180.0 78.0 0.0
 1 11250 572 734923.88 7170443.0 575.8885996967052 89.65039059338035 0.0 54992.57 213588.0 102989.0 40344.0 12305.0 3040.0 302.0 -30.0 21.0 103.0 0.0 185832.0 114399.0 57168.0 21339.0 5991.0 1206.0 199.0 165.0 80.0 0.0
 1 11250 573 734924.13 7170429.0 575.8846868485655 89.91098177581682 0.0 54994.31 207592.0 98758.0 38386.0 12080.0 3160.0 355.0 2.0 29.0 103.0 0.0 182386.0 111227.0 55602.0 21150.0 6115.0 1212.0 158.0 149.0 77.0 0.0
 1 11250 574 734924.38 7170415.0 575.8751026668901 90.19854086017921 0.0 54996.48 201697.0 94589.0 36554.0 11847.0 3257.0 401.0 33.0 38.0 104.0 0.0 179252.0 108377.0 54240.0 21032.0 6253.0 1225.0 119.0 134.0 72.0 0.0
 1 11250 575 734924.69 7170400.0 575.8448465888057 90.46295549182672 0.0 55001.36 195987.0 90503.0 34876.0 11601.0 3316.0 438.0 61.0 47.0 105.0 0.0 176555.0 105920.0 53150.0 21010.0 6408.0 1247.0 87.0 121.0 64.0 0.0
 1 11250 576 734925.0 7170385.5 575.7788460727113 90.69408593667796 0.0 55006.05 190562.0 86551.0 33376.0 11338.0 3323.0 462.0 86.0 57.0 106.0 0.0 174362.0 103851.0 52363.0 21098.0 6582.0 1283.0 63.0 109.0 56.0 0.0
 1 11250 577 734925.31 7170371.0 575.6588692145039 90.91157385371037 0.0 55010.18 185535.0 82827.0 32072.0 11054.0 3271.0 473.0 107.0 66.0 107.0 0.0 172676.0 102114.0 51868.0 21300.0 6776.0 1337.0 49.0 100.0 48.0 0.0
 1 11250 578 734925.63 7170356.5 575.4554892395597 91.13919526125471 0.0 55013.98 181032.0 79461.0 30973.0 10751.0 3160.0 472.0 124.0 75.0 107.0 0.0 171449.0 100649.0 51626.0 21602.0 6992.0 1411.0 46.0 93.0 42.0 0.0
 1 11250 579 734925.94 7170342.0 575.1799002994837 91.38333714876923 0.0 55022.07 177180.0 76602.0 30086.0 10432.0 3002.0 460.0 137.0 83.0 108.0 0.0 170619.0 99420.0 51577.0 21981.0 7226.0 1502.0 54.0 87.0 38.0 0.0
 1 11250 580 734926.25 7170327.5 574.8632666619397 91.62647018887681 0.0 55029.33 174092.0 74385.0 29419.0 10110.0 2811.0 442.0 146.0 92.0 109.0 0.0 170143.0 98433.0 51665.0 22404.0 7474.0 1606.0 71.0 81.0 37.0 0.0
 1 11250 581 734926.63 7170313.0 574.5389159680826 91.83439866588715 0.0 55036.36 171849.0 72910.0 28984.0 9803.0 2609.0 422.0 152.0 100.0 110.0 0.0 170016.0 97734.0 51854.0 22843.0 7726.0 1717.0 97.0 77.0 38.0 0.0
 1 11250 582 734926.94 7170298.5 574.2351108223181 91.97103448505582 0.0 55043.51 170495.0 72232.0 28801.0 9535.0 2418.0 405.0 155.0 108.0 111.0 0.0 170271.0 97391.0 52129.0 23274.0 7969.0 1826.0 129.0 75.0 42.0 0.0
 1 11250 583 734927.25 7170284.0 573.987271046935 92.01548299295548 0.0 55050.45 170041.0 72369.0 28897.0 9331.0 2257.0 392.0 155.0 116.0 112.0 0.0 170966.0 97476.0 52502.0 23684.0 8189.0 1923.0 163.0 77.0 47.0 0.0
 1 11250 584 734927.5 7170269.5 573.8261944788507 91.97813781832065 0.0 55057.32 170477.0 73314.0 29300.0 9218.0 2139.0 385.0 152.0 123.0 114.0 0.0 172161.0 98048.0 52999.0 24071.0 8375.0 2003.0 197.0 82.0 53.0 0.0
 1 11250 585 734927.75 7170256.0 573.7307316308729 91.9102196272174 0.0 55063.6 171772.0 75031.0 30039.0 9215.0 2074.0 385.0 146.0 128.0 116.0 0.0 173898.0 99136.0 53650.0 24437.0 8524.0 2061.0 230.0 91.0 59.0 0.0
 1 11250 586 734928.0 7170242.0 573.661707166374 91.89646117960672 0.0 55069.02 173867.0 77459.0 31125.0 9340.0 2062.0 389.0 139.0 131.0 117.0 0.0 176181.0 100731.0 54477.0 24787.0 8638.0 2099.0 261.0 102.0 66.0 0.0
 1 11250 587 734928.19 7170228.0 573.6125684363612 92.0262168136607 0.0 55073.45 176666.0 80500.0 32552.0 9604.0 2104.0 398.0 129.0 131.0 120.0 0.0 178967.0 102784.0 55480.0 25126.0 8722.0 2119.0 289.0 114.0 73.0 0.0
 1 11250 588 734928.38 7170214.0 573.5726767540434 92.35432919443262 0.0 55076.99 180047.0 84043.0 34296.0 10016.0 2194.0 410.0 118.0 130.0 122.0 0.0 182164.0 105214.0 56635.0 25456.0 8786.0 2127.0 314.0 125.0 80.0 0.0
 1 11250 589 734928.56 7170200.0 573.5316794193898 92.87162591683908 0.0 55079.56 183881.0 87990.0 36326.0 10586.0 2327.0 427.0 106.0 128.0 125.0 0.0 185653.0 107925.0 57903.0 25781.0 8834.0 2129.0 333.0 134.0 87.0 0.0
 1 11250 590 734928.69 7170186.0 573.4802130895569 93.50275188209284 0.0 55081.15 188066.0 92296.0 38630.0 11326.0 2500.0 450.0 92.0 125.0 128.0 0.0 189314.0 110835.0 59238.0 26101.0 8873.0 2127.0 346.0 140.0 93.0 0.0
 1 11250 591 734928.81 7170172.0 573.4077481496691 94.13320427811215 0.0 55081.96 192551.0 96986.0 41229.0 12258.0 2710.0 482.0 78.0 122.0 131.0 0.0 193051.0 113893.0 60604.0 26419.0 8905.0 2126.0 354.0 142.0 99.0 0.0
 1 11250 592 734928.94 7170158.0 573.308336500214 94.65323095051532 0.0 55082.47 197337.0 102138.0 44182.0 13413.0 2964.0 524.0 62.0 119.0 134.0 0.0 196802.0 117088.0 61980.0 26743.0 8936.0 2127.0 356.0 140.0 103.0 0.0
 1 11250 593 734929.0 7170144.0 573.1917167574907 94.99837635149794 0.0 55082.96 202469.0 107839.0 47571.0 14825.0 3274.0 578.0 47.0 115.0 136.0 0.0 200542.0 120440.0 63375.0 27092.0 8972.0 2132.0 354.0 134.0 104.0 0.0
 1 11250 594 734929.06 7170130.0 573.0674667269503 95.16925821836045 0.0 55083.5 208006.0 114127.0 51469.0 16526.0 3662.0 643.0 32.0 112.0 138.0 0.0 204271.0 123988.0 64837.0 27500.0 9029.0 2143.0 349.0 124.0 101.0 0.0
 1 11250 595 734929.13 7170116.0 572.9462689878926 95.22333450784059 0.0 55084.09 213983.0 120941.0 55903.0 18530.0 4150.0 715.0 18.0 109.0 139.0 0.0 208007.0 127774.0 66456.0 28025.0 9126.0 2163.0 342.0 112.0 93.0 0.0
 1 11250 596 734929.19 7170102.0 572.838640512058 95.24390848928466 0.0 55084.82 220358.0 128108.0 60818.0 20826.0 4750.0 793.0 7.0 106.0 140.0 0.0 211772.0 131834.0 68361.0 28742.0 9292.0 2195.0 333.0 99.0 81.0 0.0
 1 11250 597 734929.19 7170088.0 572.7539959684675 95.3008072533464 0.0 55085.07 226978.0 135350.0 66052.0 23354.0 5461.0 874.0 -1.0 104.0 140.0 0.0 215587.0 136194.0 70700.0 29739.0 9561.0 2241.0 324.0 83.0 64.0 0.0
 1 11250 598 734929.19 7170074.0 572.7027334541773 95.42021869322426 0.0 55084.38 233565.0 142318.0 71348.0 26009.0 6254.0 955.0 -6.0 101.0 139.0 0.0 219465.0 140861.0 73608.0 31100.0 9967.0 2304.0 314.0 67.0 44.0 0.0
 1 11250 599 734929.19 7170060.0 572.69977059726 95.5770489962001 0.0 55083.97 239752.0 148639.0 76385.0 28642.0 7083.0 1036.0 -8.0 98.0 136.0 0.0 223411.0 145826.0 77172.0 32888.0 10540.0 2384.0 305.0 49.0 22.0 0.0
 1 11250 600 734929.19 7170045.5 572.747199172268 95.71251842517984 0.0 55080.74 245153.0 153994.0 80841.0 31087.0 7889.0 1116.0 -7.0 95.0 133.0 0.0 227418.0 151049.0 81401.0 35131.0 11292.0 2479.0 296.0 29.0 -2.0 0.0
 1 11250 601 734929.19 7170031.0 572.830192461485 95.76781040776227 0.0 55067.14 249460.0 158184.0 84464.0 33191.0 8613.0 1194.0 -5.0 92.0 129.0 0.0 231464.0 156462.0 86217.0 37803.0 12217.0 2586.0 288.0 7.0 -26.0 0.0
 1 11250 602 734929.25 7170016.5 572.933766504044 95.71543581645379 0.0 55057.87 252531.0 161178.0 87124.0 34849.0 9210.0 1270.0 -2.0 91.0 124.0 0.0 235496.0 161961.0 91455.0 40822.0 13281.0 2700.0 280.0 -17.0 -50.0 0.0
 1 11250 603 734929.31 7170002.0 573.0407035402789 95.5695893574102 0.0 55048.7 254417.0 163104.0 88831.0 36019.0 9657.0 1343.0 3.0 89.0 118.0 0.0 239418.0 167403.0 96874.0 44048.0 14424.0 2818.0 272.0 -44.0 -73.0 0.0
 1 11250 604 734929.31 7169987.5 573.134141062736 95.3712851374144 0.0 55040.7 255324.0 164186.0 89706.0 36717.0 9947.0 1414.0 7.0 88.0 110.0 0.0 243070.0 172596.0 102178.0 47290.0 15568.0 2936.0 262.0 -72.0 -96.0 0.0
