 "LINE" "FID" "EAST" "NORTH" "TER" "ALT" "PITCH" "MAG" EM1_X01 EM1_X02 EM1_X03 EM1_X04 EM1_X05 EM1_X06 EM1_X07 EM1_X08 EM1_X09 EM1_X10 EM1_Z01 EM1_Z02 EM1_Z03 EM1_Z04 EM1_Z05 EM1_Z06 EM1_Z07 EM1_Z08 EM1_Z09 EM1_Z10
 1 11240 3787 729521.19 7168019.5 560.4482440846768 99.88125717287699 0.0 54791.61 227326.0 172660.0 116390.0 65546.0 27688.0 8356.0 1418.0 -97.0 -81.0 0.0 262529.0 215739.0 162334.0 103202.0 53563.0 21086.0 5946.0 1097.0 220.0 0.0
 1 11240 3788 729521.0 7168031.5 560.7451852270302 99.8868586931426 0.0 54801.66 226790.0 172075.0 116303.0 65733.0 28099.0 8570.0 1468.0 -79.0 -81.0 0.0 262742.0 216838.0 163816.0 104588.0 54560.0 21529.0 6046.0 1099.0 212.0 0.0
 1 11240 3789 729520.81 7168043.5 561.0280449408931 99.8595557095903 0.0 54811.43 226536.0 171515.0 116221.0 65896.0 28499.0 8781.0 1524.0 -54.0 -76.0 0.0 262961.0 217949.0 165230.0 105960.0 55537.0 21977.0 6146.0 1101.0 205.0 0.0
 1 11240 3790 729520.63 7168055.5 561.2661461470492 99.79256601826948 0.0 54820.9 226527.0 171014.0 116163.0 66061.0 28891.0 8987.0 1583.0 -24.0 -68.0 0.0 263188.0 219073.0 166571.0 107310.0 56484.0 22424.0 6244.0 1104.0 197.0 0.0
 1 11240 3791 729520.44 7168067.5 561.4291647223779 99.69158779588716 0.0 54829.66 226703.0 170601.0 116136.0 66247.0 29275.0 9186.0 1645.0 8.0 -57.0 0.0 263423.0 220211.0 167840.0 108639.0 57401.0 22866.0 6339.0 1107.0 190.0 0.0
 1 11240 3792 729520.25 7168079.5 561.4887208443834 99.58164844749226 0.0 54837.18 226991.0 170300.0 116137.0 66463.0 29648.0 9372.0 1709.0 44.0 -44.0 0.0 263669.0 221364.0 169050.0 109948.0 58289.0 23302.0 6428.0 1110.0 184.0 0.0
 1 11240 3793 729520.13 7168091.5 561.4487745101355 99.50203448374545 0.0 54843.56 227328.0 170120.0 116161.0 66710.0 30006.0 9544.0 1774.0 84.0 -29.0 0.0 263931.0 222527.0 170213.0 111239.0 59152.0 23729.0 6512.0 1115.0 178.0 0.0
 1 11240 3794 729520.06 7168103.5 561.3325283404973 99.49054666646107 0.0 54848.53 227662.0 170060.0 116203.0 66987.0 30350.0 9702.0 1841.0 127.0 -11.0 0.0 264215.0 223689.0 171345.0 112514.0 59991.0 24144.0 6588.0 1119.0 172.0 0.0
 1 11240 3795 729519.94 7168115.5 561.1654917769371 99.56549496109139 0.0 54852.27 227964.0 170105.0 116259.0 67289.0 30679.0 9845.0 1908.0 176.0 9.0 0.0 264525.0 224829.0 172455.0 113772.0 60813.0 24540.0 6658.0 1125.0 167.0 0.0
 1 11240 3796 729519.81 7168128.0 560.9599563707357 99.71623139132072 0.0 54854.77 228220.0 170231.0 116326.0 67607.0 30994.0 9976.0 1975.0 228.0 34.0 0.0 264864.0 225914.0 173551.0 115011.0 61620.0 24912.0 6720.0 1130.0 161.0 0.0
 1 11240 3797 729519.69 7168140.5 560.7463302050078 99.9082622560472 0.0 54856.29 228429.0 170413.0 116408.0 67935.0 31296.0 10097.0 2041.0 283.0 62.0 0.0 265229.0 226906.0 174639.0 116231.0 62419.0 25255.0 6776.0 1134.0 156.0 0.0
 1 11240 3798 729519.56 7168153.0 560.5502720261933 100.09984831110559 0.0 54857.08 228596.0 170628.0 116508.0 68269.0 31582.0 10206.0 2104.0 337.0 94.0 0.0 265618.0 227768.0 175720.0 117432.0 63215.0 25569.0 6825.0 1138.0 151.0 0.0
 1 11240 3799 729519.44 7168165.5 560.3957772138923 100.260166405918 0.0 54857.62 228729.0 170861.0 116632.0 68605.0 31847.0 10301.0 2161.0 388.0 129.0 0.0 266023.0 228481.0 176796.0 118617.0 64011.0 25856.0 6868.0 1140.0 146.0 0.0
 1 11240 3800 729519.31 7168178.0 560.3039008325538 100.37943812547358 0.0 54858.0 228838.0 171103.0 116785.0 68940.0 32081.0 10375.0 2206.0 433.0 165.0 0.0 266440.0 229045.0 177866.0 119790.0 64810.0 26124.0 6905.0 1139.0 141.0 0.0
 1 11240 3801 729519.19 7168190.5 560.2405560465535 100.46674632882267 0.0 54858.61 228932.0 171352.0 116968.0 69271.0 32276.0 10423.0 2236.0 467.0 199.0 0.0 266861.0 229481.0 178929.0 120953.0 65613.0 26379.0 6936.0 1136.0 135.0 0.0
 1 11240 3802 729519.06 7168203.0 560.1912254458667 100.53908418959178 0.0 54859.56 229023.0 171612.0 117182.0 69599.0 32427.0 10442.0 2246.0 488.0 227.0 0.0 267279.0 229818.0 179982.0 122109.0 66420.0 26626.0 6961.0 1130.0 130.0 0.0
 1 11240 3803 729518.94 7168215.5 560.1517434855946 100.60973275215332 0.0 54860.95 229126.0 171885.0 117426.0 69923.0 32533.0 10430.0 2236.0 494.0 246.0 0.0 267684.0 230087.0 181019.0 123259.0 67229.0 26872.0 6980.0 1121.0 124.0 0.0
 1 11240 3804 729518.81 7168228.0 560.1194318260526 100.68322699986545 0.0 54862.62 229256.0 172179.0 117706.0 70245.0 32603.0 10391.0 2206.0 484.0 254.0 0.0 268062.0 230312.0 182033.0 124401.0 68038.0 27119.0 6993.0 1111.0 119.0 0.0
 1 11240 3805 729518.69 7168240.5 560.090416191695 100.75820564143373 0.0 54864.42 229428.0 172506.0 118029.0 70569.0 32645.0 10331.0 2160.0 460.0 251.0 0.0 268399.0 230509.0 183010.0 125528.0 68841.0 27366.0 7001.0 1098.0 113.0 0.0
 1 11240 3806 729518.56 7168253.0 560.0620873101085 100.83349264210632 0.0 54866.48 229653.0 172882.0 118407.0 70901.0 32673.0 10257.0 2102.0 422.0 237.0 0.0 268672.0 230689.0 183935.0 126630.0 69628.0 27612.0 7005.0 1083.0 107.0 0.0
 1 11240 3807 729518.44 7168265.5 560.0308713826724 100.91087241140258 0.0 54868.74 229934.0 173323.0 118856.0 71247.0 32692.0 10174.0 2037.0 375.0 215.0 0.0 268856.0 230860.0 184791.0 127690.0 70384.0 27848.0 7007.0 1067.0 100.0 0.0
 1 11240 3808 729518.31 7168278.0 559.9956629999729 100.99174264665717 0.0 54871.21 230269.0 173846.0 119383.0 71611.0 32708.0 10086.0 1970.0 323.0 187.0 0.0 268923.0 231025.0 185569.0 128696.0 71092.0 28064.0 7006.0 1051.0 93.0 0.0
 1 11240 3809 729518.25 7168290.5 559.9685689336998 101.07066969693064 0.0 54873.65 230651.0 174458.0 119988.0 71992.0 32718.0 9995.0 1901.0 270.0 155.0 0.0 268854.0 231185.0 186270.0 129640.0 71740.0 28250.0 7004.0 1034.0 85.0 0.0
 1 11240 3810 729518.19 7168302.5 559.9547330378135 101.13242024092693 0.0 54875.99 231069.0 175158.0 120661.0 72381.0 32715.0 9898.0 1834.0 221.0 122.0 0.0 268646.0 231341.0 186905.0 130522.0 72321.0 28397.0 6999.0 1018.0 76.0 0.0
 1 11240 3811 729518.13 7168314.5 559.951980793255 101.15675250983031 0.0 54877.88 231512.0 175931.0 121379.0 72754.0 32684.0 9790.0 1768.0 180.0 90.0 0.0 268319.0 231491.0 187494.0 131351.0 72839.0 28501.0 6991.0 1004.0 68.0 0.0
 1 11240 3812 729518.06 7168326.5 559.9596573982229 101.12916263150011 0.0 54878.89 231969.0 176748.0 122111.0 73076.0 32604.0 9664.0 1704.0 151.0 62.0 0.0 267916.0 231634.0 188053.0 132137.0 73300.0 28566.0 6978.0 990.0 61.0 0.0
 1 11240 3813 729518.0 7168338.5 559.9769730840007 101.05124713070173 0.0 54878.51 232430.0 177568.0 122827.0 73302.0 32449.0 9511.0 1642.0 134.0 41.0 0.0 267488.0 231772.0 188596.0 132880.0 73709.0 28594.0 6957.0 979.0 54.0 0.0
 1 11240 3814 729517.94 7168350.5 560.0034591508435 100.94359782080214 0.0 54876.39 232884.0 178339.0 123498.0 73393.0 32192.0 9325.0 1583.0 130.0 26.0 0.0 267090.0 231908.0 189121.0 133569.0 74059.0 28592.0 6926.0 969.0 48.0 0.0
 1 11240 3815 729517.88 7168362.5 560.0386256796493 100.83793750057242 0.0 54872.82 233322.0 179007.0 124097.0 73329.0 31820.0 9100.0 1526.0 137.0 20.0 0.0 266764.0 232044.0 189613.0 134172.0 74333.0 28559.0 6883.0 962.0 44.0 0.0
 1 11240 3816 729517.81 7168374.5 560.0821744729172 100.76243883350999 0.0 54868.18 233733.0 179526.0 124606.0 73111.0 31332.0 8839.0 1470.0 152.0 19.0 0.0 266536.0 232185.0 190047.0 134644.0 74503.0 28491.0 6830.0 956.0 41.0 0.0
 1 11240 3817 729517.75 7168386.5 560.1548413460162 100.72846529357477 0.0 54862.65 234103.0 179880.0 125011.0 72768.0 30742.0 8547.0 1414.0 172.0 24.0 0.0 266413.0 232334.0 190391.0 134940.0 74537.0 28379.0 6767.0 953.0 38.0 0.0
 1 11240 3818 729517.75 7168398.5 560.2626748377121 100.72604515893225 0.0 54857.13 234418.0 180077.0 125306.0 72337.0 30077.0 8230.0 1358.0 193.0 32.0 0.0 266386.0 232495.0 190617.0 135022.0 74409.0 28209.0 6696.0 952.0 37.0 0.0
 1 11240 3819 729517.75 7168410.5 560.3926640849592 100.73063037812696 0.0 54851.84 234666.0 180148.0 125494.0 71854.0 29364.0 7896.0 1299.0 214.0 42.0 0.0 266439.0 232673.0 190707.0 134871.0 74099.0 27971.0 6618.0 953.0 36.0 0.0
 1 11240 3820 729517.81 7168422.5 560.5318078045756 100.71719850802394 0.0 54847.13 234843.0 180127.0 125572.0 71336.0 28625.0 7552.0 1236.0 233.0 53.0 0.0 266555.0 232872.0 190662.0 134496.0 73602.0 27656.0 6535.0 956.0 36.0 0.0
 1 11240 3821 729517.88 7168434.5 560.6671216843075 100.67376706136642 0.0 54843.06 234953.0 180030.0 125532.0 70781.0 27873.0 7202.0 1168.0 249.0 64.0 0.0 266719.0 233096.0 190501.0 133925.0 72927.0 27262.0 6448.0 960.0 36.0 0.0
 1 11240 3822 729517.94 7168447.5 560.794715017684 100.60693518285007 0.0 54839.59 235008.0 179856.0 125346.0 70161.0 27111.0 6851.0 1094.0 262.0 76.0 0.0 266919.0 233348.0 190253.0 133200.0 72097.0 26798.0 6357.0 966.0 37.0 0.0
 1 11240 3823 729517.94 7168460.0 560.8846342883485 100.53724011257648 0.0 54837.13 235025.0 179588.0 124971.0 69431.0 26338.0 6501.0 1013.0 271.0 87.0 0.0 267145.0 233627.0 189950.0 132369.0 71145.0 26275.0 6263.0 974.0 38.0 0.0
 1 11240 3824 729517.94 7168472.5 560.9275000752986 100.48797459603523 0.0 54835.4 235016.0 179204.0 124357.0 68545.0 25548.0 6155.0 926.0 278.0 98.0 0.0 267387.0 233930.0 189617.0 131474.0 70107.0 25713.0 6166.0 983.0 41.0 0.0
 1 11240 3825 729517.94 7168485.0 560.9178397329918 100.47388715572315 0.0 54834.59 234990.0 178693.0 123466.0 67468.0 24735.0 5813.0 837.0 284.0 109.0 0.0 267638.0 234244.0 189269.0 130544.0 69017.0 25125.0 6064.0 993.0 45.0 0.0
 1 11240 3826 729517.94 7168497.5 560.8666529401451 100.49516967662593 0.0 54834.7 234950.0 178062.0 122292.0 66190.0 23899.0 5476.0 752.0 291.0 121.0 0.0 267891.0 234546.0 188907.0 129590.0 67899.0 24525.0 5958.0 1004.0 49.0 0.0
 1 11240 3827 729517.88 7168510.0 560.7818396146765 100.53833422424724 0.0 54835.59 234896.0 177329.0 120863.0 64730.0 23038.0 5145.0 676.0 300.0 134.0 0.0 268142.0 234805.0 188514.0 128609.0 66765.0 23918.0 5846.0 1016.0 55.0 0.0
 1 11240 3828 729517.81 7168522.5 560.6701656053989 100.5829620739861 0.0 54837.57 234828.0 176522.0 119231.0 63123.0 22155.0 4824.0 617.0 314.0 149.0 0.0 268389.0 234984.0 188059.0 127583.0 65611.0 23309.0 5727.0 1029.0 61.0 0.0
 1 11240 3829 729517.75 7168535.0 560.5388011081839 100.61101495189276 0.0 54840.73 234740.0 175661.0 117452.0 61407.0 21251.0 4515.0 579.0 333.0 166.0 0.0 268629.0 235050.0 187498.0 126481.0 64429.0 22698.0 5603.0 1044.0 67.0 0.0
 1 11240 3830 729517.63 7168547.5 560.3954792270825 100.61423030672229 0.0 54844.75 234622.0 174752.0 115565.0 59605.0 20325.0 4222.0 562.0 358.0 186.0 0.0 268861.0 234984.0 186789.0 125269.0 63201.0 22084.0 5474.0 1059.0 74.0 0.0
 1 11240 3831 729517.5 7168560.0 560.2472010297969 100.59664658870116 0.0 54849.54 234455.0 173783.0 113577.0 57720.0 19374.0 3949.0 566.0 387.0 208.0 0.0 269079.0 234779.0 185899.0 123912.0 61915.0 21467.0 5341.0 1074.0 81.0 0.0
 1 11240 3832 729517.38 7168572.5 560.1013413049234 100.57245937650397 0.0 54854.75 234210.0 172721.0 111465.0 55737.0 18392.0 3696.0 586.0 420.0 231.0 0.0 269275.0 234445.0 184811.0 122378.0 60561.0 20848.0 5204.0 1087.0 87.0 0.0
 1 11240 3833 729517.25 7168585.0 559.9486424173568 100.5611081629893 0.0 54860.13 233849.0 171515.0 109180.0 53632.0 17375.0 3461.0 617.0 454.0 256.0 0.0 269440.0 234001.0 183532.0 120644.0 59135.0 20227.0 5064.0 1094.0 93.0 0.0
 1 11240 3834 729517.13 7168597.0 559.781484793215 100.58157492357768 0.0 54865.23 233334.0 170102.0 106672.0 51380.0 16321.0 3239.0 654.0 487.0 280.0 0.0 269571.0 233468.0 182081.0 118704.0 57638.0 19606.0 4922.0 1095.0 99.0 0.0
 1 11240 3835 729516.94 7168609.0 559.6011763747756 100.6466268757542 0.0 54869.75 232639.0 168425.0 103906.0 48976.0 15234.0 3026.0 688.0 518.0 303.0 0.0 269669.0 232867.0 180490.0 116567.0 56075.0 18985.0 4780.0 1087.0 105.0 0.0
 1 11240 3836 729516.75 7168621.0 559.4145210051192 100.75747610172903 0.0 54873.71 231758.0 166446.0 100886.0 46435.0 14125.0 2816.0 715.0 541.0 322.0 0.0 269738.0 232210.0 178783.0 114256.0 54456.0 18364.0 4638.0 1069.0 110.0 0.0
 1 11240 3837 729516.56 7168633.0 559.2285010501982 100.90105506245477 0.0 54877.15 230706.0 164166.0 97657.0 43801.0 13011.0 2604.0 727.0 553.0 335.0 0.0 269783.0 231493.0 176972.0 111800.0 52792.0 17745.0 4498.0 1044.0 114.0 0.0
 1 11240 3838 729516.31 7168645.0 559.0500815851804 101.05209710307595 0.0 54880.25 229518.0 161618.0 94293.0 41139.0 11915.0 2386.0 718.0 550.0 339.0 0.0 269803.0 230688.0 175043.0 109219.0 51094.0 17128.0 4362.0 1014.0 119.0 0.0
 1 11240 3839 729516.06 7168657.0 558.8863073863462 101.1800729634495 0.0 54882.51 228234.0 158864.0 90875.0 38519.0 10858.0 2163.0 686.0 531.0 334.0 0.0 269784.0 229741.0 172950.0 106524.0 49370.0 16514.0 4232.0 982.0 123.0 0.0
 1 11240 3840 729515.81 7168669.0 558.7442792386397 101.2588307210814 0.0 54884.76 226888.0 155967.0 87467.0 36002.0 9860.0 1939.0 632.0 495.0 320.0 0.0 269701.0 228573.0 170622.0 103710.0 47627.0 15904.0 4110.0 950.0 127.0 0.0
 1 11240 3841 729515.56 7168681.0 558.6253342429806 101.2757920354323 0.0 54887.29 225496.0 152984.0 84111.0 33631.0 8936.0 1717.0 561.0 445.0 298.0 0.0 269513.0 227107.0 167982.0 100771.0 45870.0 15302.0 3996.0 920.0 130.0 0.0
 1 11240 3842 729515.31 7168693.0 558.5133366328919 101.23733831593144 0.0 54889.02 224055.0 149953.0 80830.0 31425.0 8093.0 1505.0 481.0 388.0 271.0 0.0 269162.0 225274.0 164974.0 97702.0 44102.0 14711.0 3889.0 895.0 134.0 0.0
 1 11240 3843 729515.06 7168705.0 558.4096098217459 101.16717532010789 0.0 54890.47 222542.0 146898.0 77638.0 29388.0 7334.0 1308.0 401.0 329.0 242.0 0.0 268570.0 223032.0 161581.0 94513.0 42332.0 14138.0 3788.0 874.0 137.0 0.0
 1 11240 3844 729514.75 7168717.0 558.3174228968039 101.09767707970107 0.0 54891.71 220926.0 143834.0 74552.0 27518.0 6656.0 1129.0 327.0 273.0 211.0 0.0 267646.0 220353.0 157824.0 91222.0 40569.0 13586.0 3691.0 857.0 141.0 0.0
 1 11240 3845 729514.44 7168729.5 558.2369951985085 101.0578070802676 0.0 54892.74 219171.0 140771.0 71597.0 25814.0 6056.0 971.0 264.0 223.0 181.0 0.0 266292.0 217226.0 153758.0 87861.0 38824.0 13060.0 3596.0 843.0 145.0 0.0
 1 11240 3846 729514.19 7168742.0 558.1755378161027 101.06402831534713 0.0 54893.48 217253.0 137719.0 68802.0 24278.0 5530.0 832.0 210.0 181.0 152.0 0.0 264442.0 213651.0 149449.0 84463.0 37110.0 12558.0 3503.0 832.0 149.0 0.0
 1 11240 3847 729513.94 7168754.5 558.136353470697 101.1191274622857 0.0 54893.93 215166.0 134690.0 66197.0 22914.0 5076.0 712.0 166.0 145.0 124.0 0.0 262085.0 209666.0 144974.0 81069.0 35442.0 12081.0 3410.0 822.0 153.0 0.0
 1 11240 3848 729513.69 7168767.0 558.1225229792051 101.21880357335881 0.0 54894.01 212920.0 131694.0 63794.0 21721.0 4690.0 609.0 129.0 115.0 100.0 0.0 259295.0 205358.0 140411.0 77721.0 33832.0 11624.0 3317.0 813.0 157.0 0.0
 1 11240 3849 729513.44 7168779.5 558.1403868885849 101.36017005484143 0.0 54893.81 210541.0 128745.0 61590.0 20691.0 4369.0 524.0 99.0 89.0 79.0 0.0 256211.0 200868.0 135849.0 74464.0 32294.0 11184.0 3223.0 805.0 160.0 0.0
 1 11240 3850 729513.19 7168792.0 558.2079208874342 101.54548456982022 0.0 54893.36 208059.0 125852.0 59567.0 19810.0 4108.0 455.0 74.0 67.0 62.0 0.0 253013.0 196368.0 131378.0 71344.0 30840.0 10762.0 3131.0 797.0 161.0 0.0
 1 11240 3851 729513.0 7168804.5 558.3141061399405 101.77793168559316 0.0 54892.67 205506.0 123024.0 57702.0 19061.0 3902.0 402.0 54.0 48.0 50.0 0.0 249866.0 192017.0 127090.0 68401.0 29479.0 10359.0 3039.0 789.0 162.0 0.0
 1 11240 3852 729512.81 7168817.0 558.4442384456744 102.05375594743093 0.0 54891.78 202907.0 120264.0 55978.0 18423.0 3742.0 365.0 38.0 32.0 42.0 0.0 246891.0 187937.0 123064.0 65667.0 28222.0 9980.0 2951.0 781.0 161.0 0.0
 1 11240 3853 729512.63 7168829.5 558.583232079227 102.35918930694527 0.0 54890.64 200285.0 117570.0 54381.0 17875.0 3619.0 339.0 25.0 19.0 39.0 0.0 244156.0 184191.0 119356.0 63162.0 27078.0 9630.0 2869.0 774.0 159.0 0.0
 1 11240 3854 729512.5 7168842.0 558.7159486272463 102.67639518751463 0.0 54889.34 197655.0 114938.0 52908.0 17394.0 3523.0 324.0 13.0 9.0 40.0 0.0 241679.0 180790.0 115995.0 60895.0 26053.0 9316.0 2797.0 769.0 156.0 0.0
 1 11240 3855 729512.38 7168854.5 558.827812748466 102.9935550237453 0.0 54887.78 195032.0 112364.0 51553.0 16959.0 3445.0 314.0 2.0 3.0 44.0 0.0 239448.0 177714.0 112983.0 58863.0 25146.0 9040.0 2736.0 764.0 153.0 0.0
 1 11240 3856 729512.31 7168867.0 558.9038129529274 103.30958097182076 0.0 54885.91 192429.0 109844.0 50308.0 16551.0 3376.0 307.0 -9.0 -2.0 50.0 0.0 237440.0 174930.0 110302.0 57053.0 24350.0 8801.0 2690.0 762.0 150.0 0.0
 1 11240 3857 729512.25 7168879.5 558.9313184448926 103.62714687467547 0.0 54883.97 189863.0 107373.0 49158.0 16156.0 3311.0 302.0 -21.0 -5.0 59.0 0.0 235620.0 172403.0 107917.0 55443.0 23646.0 8597.0 2658.0 762.0 148.0 0.0
 1 11240 3858 729512.19 7168892.0 558.9171616410974 103.93787574469282 0.0 54881.97 187350.0 104947.0 48085.0 15766.0 3245.0 296.0 -34.0 -9.0 68.0 0.0 233952.0 170096.0 105786.0 54005.0 23015.0 8420.0 2638.0 766.0 147.0 0.0
 1 11240 3859 729512.19 7168904.0 558.8742097490496 104.2122076064894 0.0 54879.84 184914.0 102563.0 47071.0 15378.0 3178.0 288.0 -49.0 -13.0 77.0 0.0 232389.0 167968.0 103864.0 52708.0 22435.0 8264.0 2628.0 774.0 148.0 0.0
 1 11240 3860 729512.25 7168916.0 558.8111027043155 104.4055879416597 0.0 54877.62 182584.0 100226.0 46101.0 14994.0 3110.0 279.0 -67.0 -20.0 85.0 0.0 230879.0 165973.0 102099.0 51522.0 21888.0 8126.0 2627.0 788.0 153.0 0.0
 1 11240 3861 729512.38 7168928.0 558.7361528940788 104.48039670450586 0.0 54875.39 180388.0 97961.0 45166.0 14622.0 3043.0 268.0 -86.0 -31.0 91.0 0.0 229368.0 164063.0 100442.0 50419.0 21362.0 8003.0 2634.0 808.0 161.0 0.0
 1 11240 3862 729512.5 7168940.0 558.659016110306 104.42929950977418 0.0 54872.96 178348.0 95811.0 44261.0 14272.0 2981.0 257.0 -108.0 -45.0 95.0 0.0 227807.0 162192.0 98852.0 49374.0 20850.0 7893.0 2648.0 834.0 175.0 0.0
 1 11240 3863 729512.69 7168952.0 558.5873249209571 104.2831426207778 0.0 54870.55 176470.0 93839.0 43386.0 13959.0 2931.0 245.0 -131.0 -61.0 97.0 0.0 226160.0 160321.0 97292.0 48367.0 20352.0 7795.0 2670.0 866.0 192.0 0.0
 1 11240 3864 729512.94 7168964.0 558.5300367030974 104.09782730109178 0.0 54868.08 174747.0 92118.0 42549.0 13699.0 2896.0 234.0 -154.0 -77.0 98.0 0.0 224413.0 158416.0 95740.0 47385.0 19873.0 7711.0 2700.0 904.0 213.0 0.0
 1 11240 3865 729513.19 7168976.0 558.4968142478019 103.92865223700741 0.0 54865.5 173168.0 90708.0 41764.0 13506.0 2886.0 227.0 -175.0 -91.0 98.0 0.0 222568.0 156451.0 94179.0 46422.0 19427.0 7643.0 2742.0 949.0 237.0 0.0
 1 11240 3866 729513.5 7168988.0 558.4759970612598 103.8072893234299 0.0 54862.95 171729.0 89639.0 41060.0 13393.0 2907.0 229.0 -191.0 -97.0 99.0 0.0 220644.0 154409.0 92603.0 45478.0 19028.0 7594.0 2796.0 1002.0 263.0 0.0
 1 11240 3867 729513.88 7169000.0 558.4605369863175 103.73310633809132 0.0 54860.46 170438.0 88902.0 40470.0 13373.0 2969.0 245.0 -196.0 -91.0 103.0 0.0 218666.0 152284.0 91007.0 44563.0 18692.0 7568.0 2864.0 1067.0 290.0 0.0
 1 11240 3868 729514.31 7169012.0 558.4513730519586 103.6808727496812 0.0 54857.97 169317.0 88452.0 40034.0 13457.0 3080.0 283.0 -187.0 -70.0 109.0 0.0 216662.0 150089.0 89395.0 43690.0 18426.0 7567.0 2946.0 1147.0 319.0 0.0
 1 11240 3869 729514.75 7169024.0 558.4497780843058 103.61934814151516 0.0 54855.51 168386.0 88226.0 39783.0 13651.0 3250.0 350.0 -158.0 -31.0 120.0 0.0 214662.0 147852.0 87779.0 42874.0 18231.0 7590.0 3041.0 1245.0 349.0 0.0
 1 11240 3870 729515.25 7169036.0 558.455433313925 103.53131088797097 0.0 54853.1 167651.0 88160.0 39740.0 13957.0 3480.0 452.0 -102.0 25.0 134.0 0.0 212701.0 145618.0 86181.0 42131.0 18101.0 7633.0 3148.0 1360.0 384.0 0.0
 1 11240 3871 729515.75 7169048.0 558.4698885965291 103.4257834104061 0.0 54850.65 167098.0 88201.0 39907.0 14365.0 3768.0 590.0 -15.0 95.0 153.0 0.0 210815.0 143447.0 84638.0 41479.0 18027.0 7694.0 3266.0 1493.0 424.0 0.0
 1 11240 3872 729516.31 7169060.0 558.4927766346716 103.33674980717268 0.0 54848.2 166694.0 88310.0 40267.0 14854.0 4105.0 763.0 103.0 177.0 177.0 0.0 209051.0 141412.0 83204.0 40935.0 18000.0 7768.0 3395.0 1640.0 474.0 0.0
 1 11240 3873 729516.88 7169072.0 558.5254638590758 103.30776203050415 0.0 54845.79 166390.0 88458.0 40785.0 15400.0 4479.0 966.0 250.0 268.0 205.0 0.0 207466.0 139596.0 81943.0 40517.0 18019.0 7857.0 3538.0 1796.0 537.0 0.0
 1 11240 3874 729517.5 7169084.0 558.5907616195765 103.36830334789452 0.0 54843.55 166126.0 88616.0 41405.0 15979.0 4878.0 1193.0 422.0 367.0 238.0 0.0 206125.0 138081.0 80922.0 40247.0 18092.0 7965.0 3695.0 1958.0 617.0 0.0
 1 11240 3875 729518.13 7169096.0 558.7152428384353 103.51335092470377 0.0 54841.35 165828.0 88756.0 42067.0 16572.0 5291.0 1440.0 616.0 475.0 277.0 0.0 205099.0 136942.0 80204.0 40147.0 18230.0 8101.0 3873.0 2123.0 713.0 0.0
 1 11240 3876 729518.81 7169108.0 558.8817627493125 103.7003914918392 0.0 54839.38 165404.0 88835.0 42709.0 17168.0 5714.0 1707.0 830.0 597.0 324.0 0.0 204468.0 136237.0 79837.0 40237.0 18448.0 8279.0 4075.0 2291.0 824.0 0.0
 1 11240 3877 729519.5 7169120.0 559.0720704609578 103.869664696758 0.0 54837.42 164754.0 88806.0 43278.0 17762.0 6147.0 2002.0 1071.0 738.0 383.0 0.0 204306.0 136004.0 79856.0 40528.0 18762.0 8510.0 4307.0 2463.0 946.0 0.0
 1 11240 3878 729520.25 7169132.5 559.2743534214035 103.97637982637882 0.0 54835.46 163790.0 88613.0 43740.0 18351.0 6597.0 2334.0 1349.0 908.0 461.0 0.0 204663.0 136255.0 80280.0 41019.0 19175.0 8802.0 4571.0 2641.0 1074.0 0.0
 1 11240 3879 729521.0 7169145.0 559.4568183859905 104.01046742920693 0.0 54833.66 162466.0 88206.0 44076.0 18936.0 7076.0 2723.0 1676.0 1117.0 563.0 181.0 205534.0 136964.0 81097.0 41687.0 19682.0 9151.0 4863.0 2822.0 1205.0 181.0
 1 11240 3880 729521.81 7169157.5 559.594885897771 103.99292127884233 0.0 54831.89 160791.0 87552.0 44285.0 19518.0 7603.0 3187.0 2065.0 1372.0 696.0 604.1666666666666 206841.0 138057.0 82257.0 42490.0 20262.0 9545.0 5178.0 3008.0 1336.0 604.1666666666666
 1 11240 3881 729522.56 7169170.0 559.6584358342241 103.95896247984878 0.0 54830.11 158836.0 86645.0 44378.0 20102.0 8204.0 3747.0 2528.0 1679.0 862.0 832.2916666666666 208423.0 139409.0 83660.0 43375.0 20887.0 9967.0 5506.0 3195.0 1465.0 832.2916666666666
 1 11240 3882 729523.38 7169182.5 559.6249259055554 103.94516134496604 0.0 54828.33 156703.0 85517.0 44376.0 20695.0 8904.0 4422.0 3070.0 2042.0 1063.0 1213.0 210073.0 140865.0 85171.0 44293.0 21529.0 10397.0 5837.0 3382.0 1592.0 1213.0
 1 11240 3883 729524.19 7169195.0 559.4986557865644 103.98669745052699 0.0 54826.55 154494.0 84223.0 44309.0 21316.0 9732.0 5227.0 3697.0 2461.0 1296.0 1449.0 211583.0 142265.0 86638.0 45205.0 22157.0 10821.0 6158.0 3567.0 1715.0 1449.0
 1 11240 3884 729524.94 7169207.5 559.3019286411052 104.1139411372956 0.0 54824.8 152287.0 82839.0 44216.0 21998.0 10720.0 6181.0 4418.0 2940.0 1563.0 1227.0 212789.0 143472.0 87917.0 46089.0 22750.0 11230.0 6463.0 3747.0 1832.0 1227.0
 1 11240 3885 729525.75 7169220.0 559.0628120478538 104.33458455455984 0.0 54823.08 150130.0 81443.0 44149.0 22790.0 11901.0 7305.0 5251.0 3492.0 1867.0 1221.0 213590.0 144387.0 88899.0 46933.0 23294.0 11622.0 6746.0 3920.0 1942.0 1221.0
 1 11240 3886 729526.56 7169232.5 558.8051133140586 104.60619829026152 0.0 54821.36 148052.0 80115.0 44175.0 23758.0 13315.0 8628.0 6218.0 4128.0 2217.0 1185.0 213931.0 144939.0 89516.0 47728.0 23784.0 12002.0 7010.0 4085.0 2043.0 1185.0
 1 11240 3887 729527.31 7169244.5 558.564083887747 104.82512666403451 0.0 54819.65 146079.0 78925.0 44371.0 24973.0 15000.0 10177.0 7348.0 4866.0 2622.0 1108.0 213774.0 145079.0 89744.0 48467.0 24234.0 12381.0 7266.0 4244.0 2134.0 1108.0
 1 11240 3888 729528.13 7169256.0 558.3642161293297 104.85646388240296 0.0 54818.11 144253.0 77941.0 44818.0 26502.0 16985.0 11973.0 8658.0 5713.0 3084.0 1065.0 213073.0 144776.0 89600.0 49147.0 24671.0 12786.0 7534.0 4408.0 2222.0 1065.0
 1 11240 3889 729528.94 7169268.0 558.208678907273 104.59980641367274 0.0 54816.6 142633.0 77226.0 45592.0 28390.0 19280.0 14018.0 10154.0 6672.0 3599.0 1030.8333333333333 211778.0 144019.0 89134.0 49776.0 25143.0 13257.0 7850.0 4595.0 2315.0 1030.8333333333333
 1 11240 3890 729529.75 7169280.0 558.1264273178296 104.05132789130663 0.0 54815.25 141295.0 76835.0 46748.0 30648.0 21865.0 16287.0 11818.0 7731.0 4157.0 987.0 209854.0 142833.0 88434.0 50375.0 25714.0 13848.0 8260.0 4836.0 2429.0 987.0
 1 11240 3891 729530.5 7169292.0 558.091231289028 103.3167940422001 0.0 54813.97 140316.0 76817.0 48304.0 33244.0 24688.0 18731.0 13616.0 8870.0 4743.0 928.5277777777778 207311.0 141283.0 87616.0 50985.0 26463.0 14628.0 8820.0 5170.0 2587.0 928.5277777777778
 1 11240 3892 729531.31 7169304.0 558.0882689634936 102.56190037441864 0.0 54812.81 139754.0 77206.0 50232.0 36105.0 27668.0 21278.0 15493.0 10057.0 5337.0 870.0 204232.0 139481.0 86815.0 51662.0 27470.0 15661.0 9581.0 5635.0 2809.0 870.0
 1 11240 3893 729532.13 7169316.0 558.1041332056719 101.93011505559227 0.0 54811.73 139634.0 78015.0 52461.0 39121.0 30699.0 23837.0 17381.0 11252.0 5924.0 1094.4583333333333 200779.0 137561.0 86159.0 52475.0 28798.0 16992.0 10582.0 6259.0 3109.0 1094.4583333333333
 1 11240 3894 729532.94 7169328.0 558.1267620469858 101.4816549167875 0.0 54810.65 139944.0 79220.0 54879.0 42159.0 33659.0 26312.0 19209.0 12412.0 6488.0 1299.2364004629626 197186.0 135670.0 85754.0 53492.0 30480.0 18641.0 11835.0 7053.0 3491.0 1299.2364004629626
 1 11240 3895 729533.75 7169340.0 558.1450679434033 101.1891078659082 0.0 54809.56 140636.0 80756.0 57348.0 45070.0 36423.0 28602.0 20902.0 13492.0 7015.0 1507.25 193719.0 133939.0 85670.0 54768.0 32510.0 20588.0 13326.0 8006.0 3947.0 1507.25
 1 11240 3896 729534.5 7169352.0 558.1485963218781 100.98222490576723 0.0 54808.56 141633.0 82510.0 59715.0 47708.0 38870.0 30616.0 22394.0 14453.0 7495.0 1710.5943166473762 190629.0 132462.0 85936.0 56317.0 34838.0 22787.0 15019.0 9093.0 4463.0 1710.5943166473762
 1 11240 3897 729535.25 7169364.0 558.1277480627288 100.80244209428596 0.0 54807.55 142846.0 84332.0 61832.0 49943.0 40897.0 32277.0 23627.0 15259.0 7919.0 1907.7269000771603 188106.0 131288.0 86536.0 58101.0 37383.0 25164.0 16858.0 10281.0 5021.0 1907.7269000771603
 1 11240 3898 729536.0 7169376.0 558.0728637779977 100.6295653644831 0.0 54806.55 144183.0 86056.0 63570.0 51673.0 42431.0 33531.0 24562.0 15886.0 8276.0 2127.4018012152774 186237.0 130412.0 87411.0 60035.0 40034.0 27629.0 18778.0 11529.0 5605.0 2127.4018012152774
 1 11240 3899 729536.81 7169388.0 557.9684645571854 100.4724311223259 0.0 54805.57 145560.0 87528.0 64837.0 52839.0 43434.0 34357.0 25180.0 16318.0 8557.0 2321.831597222222 185007.0 129783.0 88461.0 62002.0 42668.0 30081.0 20703.0 12794.0 6202.0 2321.831597222222
 1 11240 3900 729537.56 7169400.0 557.8238978592424 100.3428732318002 0.0 54804.59 146906.0 88623.0 65584.0 53428.0 43907.0 34760.0 25480.0 16552.0 8749.0 2566.5711805555557 184317.0 129322.0 89558.0 63878.0 45158.0 32418.0 22558.0 14029.0 6802.0 2566.5711805555557
 1 11240 3901 729538.31 7169412.0 557.6560021674627 100.23807470547847 0.0 54803.65 148160.0 89255.0 65793.0 53457.0 43874.0 34761.0 25475.0 16591.0 8845.0 2771.4513888888887 184017.0 128943.0 90573.0 65555.0 47395.0 34547.0 24273.0 15191.0 7390.0 2771.4513888888887
 1 11240 3902 729539.0 7169424.5 557.4748461300471 100.14138686839011 0.0 54802.8 149281.0 89375.0 65470.0 52961.0 43372.0 34386.0 25186.0 16439.0 8835.0 2982.0416666666665 183947.0 128564.0 91398.0 66957.0 49303.0 36405.0 25798.0 16245.0 7953.0 2982.0416666666665
 1 11240 3903 729539.69 7169437.0 557.3050111469125 100.03420713176777 0.0 54801.97 150246.0 88972.0 64636.0 51982.0 42442.0 33658.0 24630.0 16099.0 8712.0 3290.176215277778 183958.0 128119.0 91967.0 68043.0 50854.0 37965.0 27109.0 17169.0 8475.0 3290.176215277778
 1 11240 3904 729540.31 7169449.5 557.1648061853183 99.9069439639155 0.0 54801.16 151061.0 88084.0 63335.0 50570.0 41126.0 32601.0 23827.0 15577.0 8472.0 3561.0 183931.0 127553.0 92252.0 68813.0 52063.0 39237.0 28208.0 17960.0 8945.0 3561.0
 1 11240 3905 729540.88 7169462.0 557.0716804506927 99.76227961538197 0.0 54800.33 151762.0 86806.0 61642.0 48793.0 39482.0 31251.0 22804.0 14884.0 8119.0 3878.0 183776.0 126828.0 92253.0 69292.0 52970.0 40253.0 29109.0 18620.0 9352.0 3878.0
 1 11240 3906 729541.44 7169474.5 557.0426645344444 99.60993777303796 0.0 54799.52 152418.0 85296.0 59669.0 46738.0 37590.0 29667.0 21603.0 14048.0 7666.0 4069.0 183438.0 125919.0 91975.0 69519.0 53622.0 41047.0 29829.0 19155.0 9686.0 4069.0
 1 11240 3907 729542.0 7169487.0 557.0743164560848 99.45588799859256 0.0 54798.71 153122.0 83746.0 57559.0 44517.0 35546.0 27923.0 20273.0 13105.0 7135.0 4211.0 182889.0 124814.0 91424.0 69522.0 54061.0 41650.0 30380.0 19562.0 9939.0 4211.0
 1 11240 3908 729542.56 7169499.5 557.1492629849167 99.29438080767743 0.0 54797.87 153991.0 82341.0 55465.0 42242.0 33446.0 26103.0 18869.0 12101.0 6556.0 4309.0 182132.0 123515.0 90605.0 69317.0 54311.0 42077.0 30764.0 19837.0 10100.0 4309.0
 1 11240 3909 729543.06 7169512.0 557.2576828646702 99.10891400905268 0.0 54796.96 155144.0 81228.0 53520.0 40015.0 31368.0 24275.0 17439.0 11075.0 5958.0 4366.0 181190.0 122035.0 89525.0 68906.0 54385.0 42338.0 30981.0 19971.0 10164.0 4366.0
 1 11240 3910 729543.5 7169524.5 557.3899230791193 98.88105205782303 0.0 54796.02 156680.0 80501.0 51829.0 37915.0 29362.0 22487.0 16019.0 10058.0 5365.0 4379.0 180104.0 120400.0 88204.0 68286.0 54286.0 42434.0 31029.0 19960.0 10126.0 4379.0
 1 11240 3911 729543.94 7169537.0 557.536437846752 98.60083030769749 0.0 54795.02 158661.0 80203.0 50454.0 35994.0 27451.0 20764.0 14634.0 9073.0 4795.0 4408.0 178929.0 118651.0 86682.0 67459.0 54010.0 42365.0 30910.0 19808.0 9993.0 4408.0
 1 11240 3912 729544.31 7169549.5 557.6880801599754 98.27269071475204 0.0 54793.98 161089.0 80347.0 49419.0 34282.0 25641.0 19114.0 13298.0 8133.0 4259.0 4026.875 177731.0 116843.0 85010.0 66436.0 53552.0 42127.0 30630.0 19527.0 9781.0 4026.875
 1 11240 3913 729544.69 7169562.0 557.8356120623076 97.91356640447427 0.0 54792.9 163919.0 80919.0 48719.0 32785.0 23930.0 17536.0 12022.0 7252.0 3767.0 3850.75 176578.0 115042.0 83251.0 65235.0 52901.0 41708.0 30193.0 19131.0 9512.0 3850.75
 1 11240 3914 729545.0 7169574.5 557.9704177991081 97.54441170908208 0.0 54791.88 167074.0 81883.0 48328.0 31498.0 22318.0 16029.0 10815.0 6438.0 3328.0 3620.0 175547.0 113321.0 81462.0 63870.0 52038.0 41088.0 29600.0 18636.0 9213.0 3620.0
 1 11240 3915 729545.31 7169587.0 558.1340322761173 97.17997268971261 0.0 54790.89 170470.0 83181.0 48208.0 30409.0 20810.0 14599.0 9692.0 5705.0 2953.0 3428.0 174713.0 111750.0 79691.0 62352.0 50939.0 40240.0 28849.0 18058.0 8907.0 3428.0
 1 11240 3916 729545.63 7169599.5 558.3446524698087 96.822968698801 0.0 54789.89 174022.0 84739.0 48317.0 29508.0 19426.0 13264.0 8672.0 5068.0 2650.0 3315.1666666666665 174153.0 110391.0 77972.0 60684.0 49580.0 39139.0 27937.0 17412.0 8614.0 3315.1666666666665
 1 11240 3917 729545.81 7169612.0 558.5780059613309 96.46619245058893 0.0 54788.88 177646.0 86483.0 48614.0 28791.0 18196.0 12057.0 7789.0 4547.0 2429.0 3210.0 173935.0 109296.0 76321.0 58869.0 47945.0 37767.0 26870.0 16721.0 8353.0 3210.0
 1 11240 3918 729546.0 7169623.5 558.7931146049119 96.10142295543432 0.0 54787.85 181248.0 88344.0 49061.0 28265.0 17162.0 11026.0 7079.0 4162.0 2293.0 3197.833333333333 174107.0 108494.0 74744.0 56916.0 46033.0 36126.0 25662.0 16019.0 8140.0 3197.833333333333
 1 11240 3919 729546.13 7169635.5 558.9961358382316 95.7292770815441 0.0 54786.82 184725.0 90275.0 49628.0 27948.0 16378.0 10231.0 6580.0 3932.0 2244.0 3175.0 174681.0 107990.0 73238.0 54837.0 43865.0 34239.0 24351.0 15348.0 7994.0 3175.0
 1 11240 3920 729546.25 7169647.5 559.1567259266287 95.36317650541756 0.0 54785.82 187978.0 92244.0 50300.0 27872.0 15904.0 9735.0 6328.0 3867.0 2275.0 3121.0 175620.0 107762.0 71792.0 52655.0 41485.0 32160.0 22991.0 14755.0 7931.0 3121.0
 1 11240 3921 729546.38 7169659.5 559.2537947147977 95.02469220695156 0.0 54784.88 190925.0 94237.0 51091.0 28085.0 15809.0 9601.0 6350.0 3972.0 2375.0 3197.0 176843.0 107776.0 70393.0 50396.0 38958.0 29969.0 21654.0 14287.0 7963.0 3197.0
 1 11240 3922 729546.44 7169671.5 559.2640681759685 94.73290224598638 0.0 54784.0 193521.0 96245.0 52043.0 28661.0 16164.0 9889.0 6671.0 4244.0 2531.0 3627.0 178247.0 107995.0 69031.0 48095.0 36367.0 27773.0 20421.0 13980.0 8092.0 3627.0
 1 11240 3923 729546.56 7169683.5 559.1648083165945 94.49385187842718 0.0 54783.14 195761.0 98270.0 53233.0 29693.0 17050.0 10654.0 7306.0 4674.0 2730.0 4295.0 179730.0 108395.0 67707.0 45805.0 33819.0 25691.0 19371.0 13858.0 8307.0 4295.0
 1 11240 3924 729546.69 7169695.5 558.9554155105544 94.29655465170572 0.0 54782.25 197674.0 100318.0 54756.0 31280.0 18542.0 11938.0 8267.0 5253.0 2961.0 5176.0 181215.0 108965.0 66452.0 43602.0 31440.0 23842.0 18565.0 13925.0 8591.0 5176.0
 1 11240 3925 729546.75 7169708.0 558.6508024829235 94.11737755672213 0.0 54781.46 199319.0 102403.0 56715.0 33508.0 20694.0 13763.0 9553.0 5967.0 3217.0 6799.0 182660.0 109704.0 65333.0 41602.0 29375.0 22326.0 18044.0 14169.0 8916.0 6799.0
 1 11240 3926 729546.81 7169720.5 558.2935160894245 93.93039770368519 0.0 54780.88 200766.0 104541.0 59185.0 36413.0 23521.0 16116.0 11149.0 6804.0 3496.0 6299.177083333334 184052.0 110612.0 64467.0 39968.0 27784.0 21232.0 17827.0 14561.0 9259.0 6299.177083333334
 1 11240 3927 729546.81 7169733.0 557.9174030641906 93.7188791619471 0.0 54780.26 202074.0 106743.0 62187.0 39964.0 26971.0 18941.0 13018.0 7747.0 3795.0 9388.049479166668 185391.0 111700.0 64016.0 38910.0 26830.0 20642.0 17925.0 15068.0 9599.0 9388.049479166668
 1 11240 3928 729546.88 7169745.5 557.558568104134 93.48205262195191 0.0 54779.59 203279.0 108999.0 65650.0 44030.0 30909.0 22124.0 15097.0 8777.0 4113.0 8842.802408854168 186678.0 112992.0 64166.0 38659.0 26658.0 20636.0 18340.0 15656.0 9925.0 8842.802408854168
 1 11240 3929 729546.94 7169758.0 557.250584646275 93.23506623153779 0.0 54778.98 204372.0 111261.0 69392.0 48381.0 35109.0 25495.0 17290.0 9859.0 4446.0 9786.877115885418 187910.0 114532.0 65097.0 39423.0 27384.0 21282.0 19072.0 16296.0 10229.0 9786.877115885418
 1 11240 3930 729547.0 7169770.5 557.0282172683252 93.00362749257916 0.0 54778.23 205293.0 113426.0 73136.0 52705.0 39278.0 28834.0 19469.0 10948.0 4788.0 9859.377604166668 189074.0 116367.0 66937.0 41328.0 29070.0 22624.0 20111.0 16967.0 10508.0 9859.377604166668
 1 11240 3931 729547.0 7169783.0 556.9032238785496 92.81624992608866 0.0 54777.31 205937.0 115345.0 76549.0 56655.0 43094.0 31901.0 21492.0 11983.0 5129.0 10236.8427734375 190153.0 118522.0 69715.0 44364.0 31707.0 24658.0 21440.0 17650.0 10761.0 10236.8427734375
 1 11240 3932 729547.06 7169795.5 556.8327152025122 92.69608316158775 0.0 54776.46 206174.0 116851.0 79323.0 59919.0 46273.0 34481.0 23221.0 12903.0 5458.0 9766.10546875 191133.0 120965.0 73326.0 48373.0 35191.0 27320.0 23025.0 18335.0 10988.0 9766.10546875
 1 11240 3933 729547.13 7169808.0 556.8041799135941 92.65348090778882 0.0 54775.64 205893.0 117810.0 81251.0 62292.0 48625.0 36419.0 24562.0 13663.0 5767.0 8918.543294270832 192004.0 123588.0 77519.0 53056.0 39310.0 30473.0 24812.0 19011.0 11191.0 8918.543294270832
 1 11240 3934 729547.19 7169820.5 556.8071855233463 92.68127808580134 0.0 54774.82 205037.0 118157.0 82270.0 63713.0 50089.0 37659.0 25472.0 14242.0 6050.0 7267.529975043402 192769.0 126209.0 81921.0 58011.0 43753.0 33900.0 26720.0 19669.0 11370.0 7267.529975043402
 1 11240 3935 729547.31 7169833.0 556.8304151489928 92.7554426364386 0.0 54774.17 203632.0 117924.0 82466.0 64262.0 50727.0 38238.0 25971.0 14645.0 6304.0 6537.581027560764 193436.0 128602.0 86108.0 62794.0 48142.0 37321.0 28630.0 20299.0 11526.0 6537.581027560764
 1 11240 3936 729547.38 7169845.5 556.8646331358108 92.84225624624135 0.0 54773.52 201780.0 117216.0 82031.0 64118.0 50690.0 38266.0 26119.0 14898.0 6531.0 5477.026801215277 194022.0 130547.0 89689.0 66989.0 52095.0 40439.0 30403.0 20885.0 11657.0 5477.026801215277
 1 11240 3937 729547.44 7169858.0 556.8990602860508 92.910605265564 0.0 54773.11 199626.0 116177.0 81198.0 63500.0 50170.0 37892.0 25997.0 15032.0 6730.0 4897.083333333333 194545.0 131876.0 92385.0 70277.0 55295.0 42999.0 31904.0 21404.0 11760.0 4897.083333333333
 1 11240 3938 729547.5 7169870.5 556.9231739075464 92.94335560402841 0.0 54772.97 197314.0 114952.0 80189.0 62614.0 49354.0 37264.0 25686.0 15075.0 6898.0 4962.034722222221 195020.0 132519.0 94076.0 72489.0 57545.0 44844.0 33029.0 21830.0 11828.0 4962.034722222221
 1 11240 3939 729547.56 7169883.0 556.945287040224 92.94102967819555 0.0 54773.2 194956.0 113664.0 79183.0 61625.0 48399.0 36505.0 25252.0 15044.0 7027.0 5023.0 195457.0 132505.0 94796.0 73610.0 58792.0 45922.0 33727.0 22136.0 11852.0 5023.0
 1 11240 3940 729547.63 7169895.5 556.998164753778 92.91649754343604 0.0 54774.27 192616.0 112403.0 78301.0 60652.0 47423.0 35704.0 24745.0 14945.0 7108.0 5187.125 195864.0 131943.0 94690.0 73752.0 59104.0 46279.0 33994.0 22299.0 11823.0 5187.125
 1 11240 3941 729547.69 7169908.0 557.0726119672233 92.88415035192315 0.0 54776.12 190325.0 111231.0 77612.0 59776.0 46502.0 34914.0 24193.0 14776.0 7127.0 5375.5 196247.0 130986.0 93952.0 73096.0 58625.0 46005.0 33856.0 22296.0 11721.0 5375.5
 1 11240 3942 729547.75 7169920.5 557.1571374440178 92.85133396121506 0.0 54778.73 188089.0 110187.0 77137.0 59043.0 45676.0 34160.0 23612.0 14532.0 7071.0 5578.0 196617.0 129787.0 92773.0 71830.0 57522.0 45203.0 33346.0 22097.0 11523.0 5578.0
 1 11240 3943 729547.81 7169933.0 557.2403454175541 92.81822365388231 0.0 54781.95 185909.0 109283.0 76855.0 58463.0 44953.0 33445.0 23004.0 14208.0 6932.0 5736.0 196984.0 128488.0 91305.0 70119.0 55942.0 43955.0 32482.0 21664.0 11195.0 5736.0
 1 11240 3944 729547.81 7169945.5 557.3108506601887 92.78600368863191 0.0 54785.1 183781.0 108511.0 76712.0 58009.0 44312.0 32762.0 22364.0 13803.0 6710.0 6097.5 197357.0 127204.0 89659.0 68090.0 54002.0 42326.0 31274.0 20951.0 10708.0 6097.5
 1 11240 3945 729547.81 7169958.0 557.3567101668061 92.76607184251708 0.0 54788.07 181698.0 107834.0 76619.0 57618.0 43701.0 32082.0 21686.0 13323.0 6417.0 6415.0 197737.0 126033.0 87914.0 65851.0 51799.0 40373.0 29730.0 19922.0 10043.0 6415.0
 1 11240 3946 729547.75 7169970.5 557.3661298144369 92.78074823860828 0.0 54790.37 179646.0 107182.0 76462.0 57189.0 43044.0 31363.0 20957.0 12780.0 6073.0 6441.0 198121.0 125054.0 86143.0 63510.0 49423.0 38165.0 27885.0 18576.0 9204.0 6441.0
 1 11240 3947 729547.63 7169982.5 557.3244359811782 92.85193299927515 0.0 54792.23 177605.0 106453.0 76103.0 56597.0 42238.0 30544.0 20167.0 12189.0 5701.0 4712.0 198500.0 124334.0 84435.0 61191.0 46978.0 35798.0 25812.0 16961.0 8225.0 4712.0
 1 11240 3948 729547.5 7169994.5 557.2243003470302 92.98449493785527 0.0 54794.03 175556.0 105510.0 75394.0 55703.0 41176.0 29562.0 19307.0 11566.0 5324.0 3734.25 198873.0 123919.0 82896.0 59031.0 44579.0 33393.0 23623.0 15176.0 7168.0 3734.25
 1 11240 3949 729547.38 7170006.5 557.0831411329351 93.15717831616382 0.0 54796.31 173479.0 104208.0 74197.0 54380.0 39765.0 28361.0 18374.0 10928.0 4960.0 2632.833333333333 199253.0 123826.0 81637.0 57156.0 42335.0 31070.0 21450.0 13350.0 6106.0 2632.833333333333
 1 11240 3950 729547.13 7170018.5 556.9173030660862 93.3285011005598 0.0 54798.98 171363.0 102424.0 72422.0 52543.0 37959.0 26921.0 17374.0 10283.0 4617.0 1618.0 199671.0 124032.0 80748.0 55647.0 40324.0 28931.0 19420.0 11615.0 5113.0 1618.0
 1 11240 3951 729546.88 7170030.5 556.7461867024502 93.45469163894181 0.0 54802.12 169197.0 100107.0 70055.0 50182.0 35775.0 25259.0 16316.0 9640.0 4298.0 900.0 200176.0 124460.0 80272.0 54518.0 38575.0 27034.0 17619.0 10079.0 4245.0 900.0
 1 11240 3952 729546.63 7170042.5 556.5879184596517 93.50891992983242 0.0 54805.56 166975.0 97302.0 67174.0 47365.0 33295.0 23427.0 15217.0 9001.0 4000.0 689.0 200817.0 124991.0 80191.0 53720.0 37068.0 25387.0 16088.0 8800.0 3538.0 689.0
 1 11240 3953 729546.38 7170054.5 556.4605849229013 93.49044500557217 0.0 54809.34 164689.0 94147.0 63934.0 44222.0 30636.0 21495.0 14093.0 8365.0 3720.0 502.0 201629.0 125478.0 80419.0 53154.0 35746.0 23961.0 14819.0 7794.0 3001.0 502.0
 1 11240 3954 729546.0 7170066.5 556.3799882314478 93.41949391453787 0.0 54813.25 162338.0 90833.0 60520.0 40914.0 27922.0 19530.0 12954.0 7732.0 3457.0 478.0 202609.0 125777.0 80809.0 52707.0 34541.0 22700.0 13772.0 7037.0 2626.0 478.0
 1 11240 3955 729545.63 7170078.5 556.3677496016821 93.32261999731543 0.0 54817.22 159932.0 87557.0 57108.0 37589.0 25247.0 17584.0 11808.0 7103.0 3206.0 498.0 203686.0 125778.0 81177.0 52269.0 33393.0 21552.0 12894.0 6481.0 2387.0 498.0
 1 11240 3956 729545.19 7170090.5 556.4376607756714 93.21795563288926 0.0 54821.13 157504.0 84498.0 53828.0 34357.0 22668.0 15688.0 10658.0 6480.0 2966.0 515.0 204694.0 125422.0 81330.0 51753.0 32256.0 20473.0 12136.0 6075.0 2252.0 515.0
 1 11240 3957 729544.75 7170102.5 556.5701544359029 93.10858838285542 0.0 54824.83 155134.0 81813.0 50775.0 31288.0 20208.0 13858.0 9505.0 5864.0 2733.0 582.0 205363.0 124706.0 81118.0 51093.0 31108.0 19436.0 11458.0 5767.0 2191.0 582.0
 1 11240 3958 729544.25 7170115.5 556.7536983173342 92.98594324104421 0.0 54828.09 152983.0 79670.0 48031.0 28419.0 17869.0 12098.0 8356.0 5260.0 2504.0 759.5 205357.0 123671.0 80464.0 50248.0 29942.0 18428.0 10830.0 5518.0 2177.0 759.5
 1 11240 3959 729543.75 7170128.0 556.9394814721979 92.83904487358042 0.0 54830.79 151329.0 78280.0 45700.0 25786.0 15656.0 10411.0 7216.0 4667.0 2275.0 883.5 204365.0 122386.0 79390.0 49194.0 28762.0 17442.0 10234.0 5298.0 2191.0 883.5
 1 11240 3960 729543.25 7170140.5 557.1049389244032 92.66524896593124 0.0 54832.79 150584.0 77919.0 43932.0 23444.0 13586.0 8807.0 6100.0 4087.0 2046.0 1009.0 202218.0 120936.0 77992.0 47932.0 27578.0 16479.0 9655.0 5090.0 2216.0 1009.0
 1 11240 3961 729542.69 7170153.0 557.2195168227513 92.47825107174317 0.0 54833.73 151280.0 78921.0 42929.0 21482.0 11699.0 7310.0 5032.0 3521.0 1815.0 1191.0 198978.0 119416.0 76406.0 46491.0 26398.0 15539.0 9087.0 4881.0 2238.0 1191.0
 1 11240 3962 729542.13 7170165.5 557.2550253248208 92.30968355053965 0.0 54835.0 153994.0 81645.0 42925.0 20015.0 10056.0 5956.0 4044.0 2975.0 1583.0 1061.0 194945.0 117938.0 74779.0 44929.0 25232.0 14630.0 8526.0 4666.0 2243.0 1061.0
 1 11240 3963 729541.5 7170178.0 557.1817916988562 92.20034409836242 0.0 54835.91 159229.0 86402.0 44158.0 19169.0 8723.0 4785.0 3170.0 2461.0 1353.0 1026.2586805555557 190593.0 116645.0 73254.0 43327.0 24091.0 13760.0 7976.0 4443.0 2222.0 1026.2586805555557
 1 11240 3964 729540.88 7170190.5 556.999956345769 92.18230766573112 0.0 54836.11 167267.0 93374.0 46817.0 19052.0 7754.0 3829.0 2440.0 1993.0 1128.0 932.0347222222222 186466.0 115722.0 71971.0 41778.0 22992.0 12938.0 7441.0 4213.0 2168.0 932.0347222222222
 1 11240 3965 729540.19 7170203.0 556.7356881177535 92.26068794541592 0.0 54835.94 178063.0 102534.0 50996.0 19734.0 7172.0 3097.0 1866.0 1586.0 918.0 867.3229166666665 183088.0 115399.0 71087.0 40375.0 21953.0 12173.0 6932.0 3974.0 2083.0 867.3229166666665
 1 11240 3966 729539.5 7170215.5 556.4190769087502 92.40492525451049 0.0 54835.52 191192.0 113599.0 56643.0 21229.0 6968.0 2575.0 1440.0 1247.0 729.0 784.1458333333333 180908.0 115938.0 70768.0 39207.0 20998.0 11469.0 6454.0 3729.0 1972.0 784.1458333333333
 1 11240 3967 729538.81 7170228.0 556.0791184415448 92.55569659246257 0.0 54834.52 205897.0 126038.0 63549.0 23495.0 7101.0 2231.0 1137.0 975.0 569.0 719.3379629629628 180268.0 117594.0 71185.0 38362.0 20148.0 10823.0 6012.0 3478.0 1843.0 719.3379629629628
 1 11240 3968 729538.13 7170240.5 555.7450704846002 92.64608301622104 0.0 54833.02 221202.0 139128.0 71362.0 26427.0 7517.0 2020.0 923.0 763.0 442.0 653.4166666666666 181393.0 120564.0 72502.0 37934.0 19427.0 10228.0 5602.0 3221.0 1701.0 653.4166666666666
 1 11240 3969 729537.44 7170252.0 555.4672422423013 92.62739914679253 0.0 54831.13 236077.0 152065.0 79635.0 29868.0 8153.0 1901.0 763.0 600.0 345.0 569.1432291666666 184380.0 124957.0 74865.0 38026.0 18858.0 9677.0 5217.0 2960.0 1551.0 569.1432291666666
 1 11240 3970 729536.69 7170264.0 555.2335704012465 92.48844734917166 0.0 54828.67 249589.0 164080.0 87889.0 33620.0 8948.0 1836.0 634.0 473.0 274.0 507.82291666666663 189197.0 130778.0 78391.0 38758.0 18473.0 9167.0 4852.0 2698.0 1396.0 507.82291666666663
 1 11240 3971 729536.0 7170276.0 555.0819134628099 92.2601866524351 0.0 54825.72 261038.0 174556.0 95668.0 37463.0 9841.0 1800.0 520.0 374.0 220.0 425.28125 195697.0 137951.0 83156.0 40253.0 18307.0 8704.0 4500.0 2438.0 1239.0 425.28125
 1 11240 3972 729535.31 7170288.0 554.9753362886372 92.00454057227117 0.0 54822.29 270024.0 183104.0 102591.0 41172.0 10773.0 1777.0 413.0 292.0 177.0 346.0144675925926 203646.0 146348.0 89181.0 42611.0 18401.0 8300.0 4164.0 2188.0 1084.0 346.0144675925926
 1 11240 3973 729534.69 7170300.0 554.8925750819599 91.79232636733975 0.0 54818.34 276457.0 189588.0 108386.0 44541.0 11684.0 1758.0 313.0 224.0 141.0 267.25 212753.0 155806.0 96406.0 45872.0 18787.0 7966.0 3846.0 1954.0 937.0 267.25
 1 11240 3974 729534.06 7170312.0 554.8354195012079 91.67867700783918 0.0 54814.12 280507.0 194089.0 112903.0 47400.0 12517.0 1738.0 222.0 168.0 109.0 186.21527777777774 222700.0 166117.0 104673.0 49995.0 19478.0 7712.0 3555.0 1742.0 804.0 186.21527777777774
 1 11240 3975 729533.44 7170324.0 554.8057754360565 91.68547367041826 0.0 54809.84 282509.0 196839.0 116118.0 49641.0 13223.0 1716.0 144.0 122.0 81.0 103.29166666666666 233151.0 177012.0 113725.0 54843.0 20465.0 7539.0 3295.0 1555.0 690.0 103.29166666666666
 1 11240 3976 729532.81 7170336.0 554.8052836489884 91.79794769520537 0.0 54805.59 282861.0 198132.0 118104.0 51218.0 13766.0 1691.0 81.0 85.0 56.0 0.0 243768.0 188164.0 123226.0 60202.0 21713.0 7443.0 3068.0 1393.0 594.0 0.0
 1 11240 3977 729532.25 7170348.0 554.8344107143007 91.97660013960943 0.0 54801.47 281937.0 198242.0 118989.0 52142.0 14132.0 1663.0 33.0 56.0 35.0 0.0 254214.0 199208.0 132792.0 65806.0 23162.0 7412.0 2872.0 1250.0 515.0 0.0
 1 11240 3978 729531.69 7170360.0 554.8944723967012 92.17773683638045 0.0 54797.42 280025.0 197359.0 118896.0 52456.0 14324.0 1631.0 -1.0 34.0 17.0 0.0 264169.0 209772.0 142041.0 71378.0 24740.0 7434.0 2702.0 1123.0 449.0 0.0
 1 11240 3979 729531.19 7170372.0 554.9852395318532 92.37188532157401 0.0 54793.36 277315.0 195572.0 117915.0 52211.0 14358.0 1596.0 -24.0 16.0 2.0 0.0 273352.0 219524.0 150626.0 76659.0 26369.0 7495.0 2552.0 1009.0 392.0 0.0
 1 11240 3980 729530.69 7170384.0 555.1276614709078 92.5518667365573 0.0 54789.6 273914.0 192893.0 116102.0 51450.0 14249.0 1557.0 -41.0 2.0 -11.0 0.0 281526.0 228181.0 158258.0 81446.0 27975.0 7583.0 2418.0 906.0 343.0 0.0
 1 11240 3981 729530.19 7170396.5 555.3494382022104 92.72843312067023 0.0 54785.98 269895.0 189332.0 113517.0 50216.0 14011.0 1516.0 -53.0 -11.0 -21.0 0.0 288487.0 235518.0 164719.0 85598.0 29494.0 7686.0 2297.0 815.0 301.0 0.0
 1 11240 3982 729529.75 7170409.0 555.6204513129862 92.91826574898917 0.0 54782.5 265357.0 184983.0 110281.0 48577.0 13653.0 1473.0 -63.0 -24.0 -30.0 0.0 294051.0 241351.0 169856.0 89032.0 30872.0 7797.0 2190.0 739.0 266.0 0.0
 1 11240 3983 729529.38 7170421.5 555.9145915777945 93.13221692943567 0.0 54779.38 260475.0 180089.0 106615.0 46643.0 13187.0 1428.0 -72.0 -37.0 -38.0 0.0 298043.0 245545.0 173589.0 91713.0 32068.0 7909.0 2099.0 679.0 239.0 0.0
 1 11240 3984 729529.0 7170434.0 556.2075501091153 93.36884442831912 0.0 54776.75 255523.0 175047.0 102835.0 44575.0 12637.0 1383.0 -80.0 -50.0 -45.0 0.0 300321.0 248027.0 175912.0 93640.0 33053.0 8018.0 2025.0 634.0 219.0 0.0
 1 11240 3985 729528.63 7170446.5 556.4730758008183 93.6136171598296 0.0 54775.01 250860.0 170340.0 99302.0 42565.0 12044.0 1337.0 -87.0 -63.0 -52.0 0.0 300815.0 248823.0 176905.0 94845.0 33811.0 8120.0 1969.0 604.0 204.0 0.0
 1 11240 3986 729528.31 7170459.0 556.6844890527622 93.8414671149239 0.0 54774.17 246877.0 166423.0 96343.0 40800.0 11456.0 1291.0 -95.0 -77.0 -58.0 0.0 299583.0 248072.0 176735.0 95399.0 34348.0 8212.0 1930.0 584.0 193.0 0.0
 1 11240 3987 729528.0 7170471.5 556.816656558583 94.02185560714032 0.0 54774.16 243929.0 163632.0 94191.0 39427.0 10922.0 1248.0 -103.0 -92.0 -65.0 0.0 296839.0 246033.0 175646.0 95410.0 34686.0 8292.0 1903.0 572.0 185.0 0.0
 1 11240 3988 729527.75 7170484.0 556.8629458365348 94.1281993216347 0.0 54774.91 242268.0 162122.0 92952.0 38529.0 10483.0 1208.0 -110.0 -107.0 -71.0 0.0 292959.0 243063.0 173933.0 95014.0 34859.0 8356.0 1886.0 565.0 178.0 0.0
 1 11240 3989 729527.5 7170496.5 556.8530364401734 94.14994621280748 0.0 54776.32 241988.0 161868.0 92611.0 38121.0 10163.0 1174.0 -118.0 -122.0 -77.0 0.0 288443.0 239574.0 171904.0 94361.0 34903.0 8400.0 1873.0 562.0 171.0 0.0
 1 11240 3990 729527.25 7170508.5 556.7981221215155 94.10134503291621 0.0 54778.32 243008.0 162702.0 93057.0 38157.0 9972.0 1150.0 -126.0 -138.0 -83.0 0.0 283845.0 235979.0 169838.0 93595.0 34854.0 8422.0 1863.0 560.0 165.0 0.0
 1 11240 3991 729527.0 7170520.5 556.7055234736998 94.01944402191174 0.0 54780.43 245079.0 164367.0 94121.0 38553.0 9903.0 1140.0 -134.0 -154.0 -89.0 0.0 279679.0 232640.0 167957.0 92839.0 34742.0 8420.0 1852.0 560.0 160.0 0.0
 1 11240 3992 729526.75 7170532.5 556.5823993760234 93.95044241212317 0.0 54782.55 247827.0 166578.0 95608.0 39209.0 9941.0 1149.0 -143.0 -172.0 -94.0 0.0 276324.0 229826.0 166403.0 92186.0 34594.0 8396.0 1841.0 560.0 155.0 0.0
 1 11240 3993 729526.56 7170544.5 556.4365138537964 93.93148689843959 0.0 54784.55 250833.0 169063.0 97328.0 40023.0 10065.0 1179.0 -153.0 -191.0 -99.0 0.0 273971.0 227681.0 165240.0 91691.0 34434.0 8354.0 1829.0 560.0 150.0 0.0
 1 11240 3994 729526.38 7170556.5 556.2758406606224 93.97727394264815 0.0 54786.18 253714.0 171606.0 99119.0 40913.0 10252.0 1230.0 -164.0 -211.0 -103.0 0.0 272621.0 226233.0 164465.0 91371.0 34279.0 8301.0 1815.0 560.0 146.0 0.0
 1 11240 3995 729526.19 7170568.5 556.1081651816389 94.07746579987919 0.0 54787.48 256196.0 174048.0 100866.0 41815.0 10480.0 1301.0 -176.0 -234.0 -105.0 0.0 272121.0 225414.0 164028.0 91212.0 34142.0 8243.0 1801.0 560.0 143.0 0.0
 1 11240 3996 729526.0 7170580.5 555.9300026008676 94.20485231510898 0.0 54788.18 258141.0 176286.0 102497.0 42690.0 10732.0 1389.0 -190.0 -260.0 -106.0 0.0 272244.0 225098.0 163858.0 91185.0 34030.0 8185.0 1785.0 559.0 141.0 0.0
 1 11240 3997 729525.81 7170592.5 555.703123920391 94.32842160220518 0.0 54788.39 259537.0 178241.0 103972.0 43517.0 10997.0 1490.0 -203.0 -287.0 -103.0 0.0 272759.0 225143.0 163882.0 91257.0 33941.0 8131.0 1770.0 559.0 139.0 0.0
 1 11240 3998 729525.63 7170604.5 555.4392100037763 94.42472308345035 0.0 54788.19 260450.0 179852.0 105262.0 44277.0 11267.0 1602.0 -214.0 -315.0 -96.0 0.0 273477.0 225422.0 164039.0 91398.0 33874.0 8088.0 1757.0 559.0 138.0 0.0
 1 11240 3999 729525.44 7170616.5 555.1554592248141 94.48353334761013 0.0 54787.17 260973.0 181064.0 106335.0 44952.0 11540.0 1725.0 -219.0 -340.0 -85.0 0.0 274267.0 225835.0 164286.0 91587.0 33827.0 8059.0 1750.0 559.0 138.0 0.0
 1 11240 4000 729525.25 7170628.5 554.869208089018 94.50799979397665 0.0 54785.4 261194.0 181838.0 107155.0 45519.0 11814.0 1862.0 -214.0 -358.0 -70.0 0.0 275051.0 226317.0 164594.0 91809.0 33800.0 8051.0 1750.0 558.0 138.0 0.0
 1 11240 4001 729525.06 7170640.5 554.5974491088512 94.51084906294929 0.0 54782.89 261180.0 182160.0 107685.0 45953.0 12090.0 2017.0 -194.0 -366.0 -51.0 0.0 275782.0 226828.0 164945.0 92051.0 33794.0 8069.0 1760.0 558.0 139.0 0.0
 1 11240 4002 729524.88 7170652.5 554.3569992367362 94.50813617276374 0.0 54779.57 260985.0 182055.0 107908.0 46238.0 12368.0 2194.0 -154.0 -361.0 -28.0 0.0 276431.0 227346.0 165325.0 92296.0 33812.0 8118.0 1783.0 558.0 140.0 0.0
 1 11240 4003 729524.69 7170664.5 554.1643063118404 94.51250061067336 0.0 54776.05 260657.0 181577.0 107828.0 46374.0 12647.0 2394.0 -93.0 -342.0 -2.0 0.0 276981.0 227861.0 165719.0 92525.0 33856.0 8198.0 1817.0 558.0 142.0 0.0
 1 11240 4004 729524.5 7170676.5 554.0348476588368 94.52907716466105 0.0 54772.52 260242.0 180808.0 107478.0 46374.0 12925.0 2613.0 -12.0 -308.0 27.0 0.0 277423.0 228371.0 166111.0 92715.0 33926.0 8307.0 1860.0 558.0 144.0 0.0
 1 11240 4005 729524.31 7170688.5 553.9585729761841 94.55581692865736 0.0 54769.4 259776.0 179834.0 106909.0 46264.0 13197.0 2845.0 87.0 -263.0 56.0 0.0 277764.0 228873.0 166484.0 92844.0 34020.0 8440.0 1910.0 558.0 146.0 0.0
 1 11240 4006 729524.13 7170700.5 553.9214295170863 94.58689192242436 0.0 54766.98 259281.0 178731.0 106168.0 46066.0 13453.0 3075.0 197.0 -209.0 85.0 0.0 278031.0 229367.0 166822.0 92902.0 34133.0 8591.0 1964.0 559.0 148.0 0.0
 1 11240 4007 729523.88 7170712.5 553.9147016405665 94.6165550503981 0.0 54765.0 258753.0 177539.0 105285.0 45794.0 13681.0 3289.0 311.0 -151.0 110.0 0.0 278268.0 229855.0 167108.0 92885.0 34260.0 8753.0 2019.0 559.0 151.0 0.0
 1 11240 4008 729523.63 7170724.5 553.9303974344795 94.64209425983361 0.0 54764.05 258162.0 176251.0 104257.0 45441.0 13867.0 3475.0 423.0 -91.0 131.0 0.0 278536.0 230340.0 167325.0 92801.0 34399.0 8924.0 2074.0 560.0 153.0 0.0
 1 11240 4009 729523.38 7170736.5 553.9603390595038 94.66593278991179 0.0 54763.49 257451.0 174817.0 103051.0 44989.0 13996.0 3623.0 527.0 -33.0 146.0 0.0 278901.0 230828.0 167464.0 92667.0 34544.0 9100.0 2129.0 561.0 156.0 0.0
 1 11240 4010 729523.13 7170749.0 553.9980480939131 94.69720299502167 0.0 54763.19 256543.0 173148.0 101614.0 44406.0 14057.0 3730.0 619.0 22.0 155.0 0.0 279418.0 231326.0 167524.0 92499.0 34696.0 9280.0 2183.0 563.0 159.0 0.0
 1 11240 4011 729522.88 7170761.5 554.0334023798205 94.75186701600605 0.0 54763.14 255353.0 171141.0 99888.0 43658.0 14040.0 3796.0 700.0 72.0 156.0 0.0 280120.0 231843.0 167511.0 92313.0 34853.0 9462.0 2237.0 566.0 162.0 0.0
 1 11240 4012 729522.63 7170774.0 554.0574753071188 94.8492458029788 0.0 54763.07 253800.0 168704.0 97828.0 42716.0 13934.0 3828.0 767.0 117.0 152.0 0.0 281005.0 232387.0 167441.0 92114.0 35015.0 9646.0 2291.0 570.0 166.0 0.0
 1 11240 4013 729522.38 7170786.5 554.0864071744027 95.00482730130285 0.0 54763.3 251819.0 165786.0 95412.0 41560.0 13730.0 3828.0 821.0 155.0 144.0 0.0 282045.0 232957.0 167327.0 91903.0 35178.0 9832.0 2346.0 575.0 171.0 0.0
 1 11240 4014 729522.13 7170799.0 554.1344479952596 95.22252450536314 0.0 54763.54 249369.0 162392.0 92639.0 40183.0 13417.0 3801.0 860.0 184.0 132.0 0.0 283184.0 233539.0 167169.0 91670.0 35339.0 10021.0 2401.0 581.0 177.0 0.0
 1 11240 4015 729521.88 7170811.5 554.1957296059735 95.4910075787839 0.0 54764.09 246442.0 158590.0 89541.0 38599.0 12995.0 3749.0 883.0 204.0 119.0 0.0 284351.0 234098.0 166949.0 91398.0 35491.0 10212.0 2458.0 588.0 182.0 0.0
 1 11240 4016 729521.63 7170824.0 554.2646910229244 95.78682850170156 0.0 54764.77 243071.0 154501.0 86183.0 36844.0 12473.0 3674.0 888.0 213.0 104.0 0.0 285464.0 234572.0 166627.0 91065.0 35626.0 10406.0 2515.0 596.0 189.0 0.0
 1 11240 4017 729521.38 7170836.5 554.3360811861128 96.0833727729784 0.0 54765.5 239339.0 150283.0 82663.0 34977.0 11876.0 3579.0 878.0 210.0 91.0 0.0 286427.0 234880.0 166143.0 90649.0 35738.0 10604.0 2575.0 605.0 195.0 0.0
 1 11240 4018 729521.19 7170849.0 554.4063003261706 96.3611526687742 0.0 54766.23 235382.0 146109.0 79116.0 33074.0 11241.0 3469.0 853.0 199.0 79.0 0.0 287135.0 234918.0 165435.0 90133.0 35824.0 10806.0 2635.0 617.0 202.0 0.0
 1 11240 4019 729521.0 7170861.0 554.4669217181954 96.61345589651616 0.0 54767.1 231387.0 142158.0 75697.0 31225.0 10613.0 3348.0 817.0 180.0 70.0 0.0 287481.0 234574.0 164443.0 89507.0 35881.0 11013.0 2697.0 629.0 208.0 0.0
 1 11240 4020 729520.81 7170872.5 554.5150017392704 96.84429222534581 0.0 54767.95 227570.0 138603.0 72570.0 29520.0 10034.0 3222.0 773.0 156.0 66.0 0.0 287360.0 233742.0 163121.0 88767.0 35912.0 11226.0 2761.0 644.0 214.0 0.0
 1 11240 4021 729520.63 7170884.5 554.5605352412849 97.06077700845158 0.0 54768.56 224149.0 135596.0 69882.0 28037.0 9537.0 3092.0 724.0 131.0 64.0 0.0 286689.0 232333.0 161444.0 87911.0 35918.0 11442.0 2826.0 659.0 219.0 0.0
 1 11240 4022 729520.44 7170896.5 554.6103234482678 97.26619876574577 0.0 54769.02 221310.0 133256.0 67745.0 26832.0 9138.0 2963.0 672.0 106.0 65.0 0.0 285416.0 230308.0 159412.0 86940.0 35904.0 11657.0 2894.0 675.0 224.0 0.0
 1 11240 4023 729520.38 7170908.5 554.6646223127038 97.45925173446886 0.0 54769.27 219171.0 131657.0 66227.0 25935.0 8836.0 2834.0 618.0 82.0 66.0 0.0 283543.0 227688.0 157054.0 85859.0 35870.0 11865.0 2962.0 689.0 227.0 0.0
 1 11240 4024 729520.31 7170920.5 554.7186552028211 97.63948678892183 0.0 54769.18 217775.0 130834.0 65351.0 25353.0 8618.0 2706.0 563.0 59.0 68.0 0.0 281133.0 224575.0 154438.0 84685.0 35819.0 12058.0 3032.0 702.0 230.0 0.0
 1 11240 4025 729520.25 7170932.5 554.7704153101284 97.81386288704509 0.0 54768.79 217103.0 130793.0 65114.0 25073.0 8463.0 2579.0 506.0 38.0 70.0 0.0 278314.0 221141.0 151676.0 83450.0 35756.0 12228.0 3101.0 711.0 232.0 0.0
 1 11240 4026 729520.13 7170944.5 554.8175817827548 97.99788139325813 0.0 54768.09 217091.0 131519.0 65489.0 25077.0 8355.0 2452.0 448.0 19.0 71.0 0.0 275266.0 217619.0 148917.0 82210.0 35688.0 12371.0 3168.0 718.0 233.0 0.0
 1 11240 4027 729520.0 7170956.5 554.8582384772991 98.20859521483666 0.0 54767.21 217649.0 132971.0 66427.0 25340.0 8281.0 2325.0 387.0 3.0 72.0 0.0 272212.0 214274.0 146346.0 81045.0 35627.0 12489.0 3228.0 721.0 232.0 0.0
 1 11240 4028 729519.94 7170968.5 554.8891595867481 98.45399524135537 0.0 54766.32 218660.0 135057.0 67855.0 25834.0 8233.0 2199.0 325.0 -12.0 73.0 0.0 269393.0 211372.0 144157.0 80047.0 35587.0 12584.0 3280.0 722.0 230.0 0.0
 1 11240 4029 729519.81 7170980.5 554.9103116606129 98.72642925442906 0.0 54765.18 219987.0 137628.0 69669.0 26523.0 8209.0 2075.0 263.0 -22.0 73.0 0.0 267042.0 209147.0 142529.0 79309.0 35586.0 12665.0 3320.0 722.0 227.0 0.0
 1 11240 4030 729519.69 7170992.5 554.9257661035562 99.004789278055 0.0 54764.03 221469.0 140478.0 71743.0 27362.0 8208.0 1954.0 206.0 -30.0 74.0 0.0 265343.0 207772.0 141603.0 78911.0 35639.0 12738.0 3349.0 720.0 222.0 0.0
 1 11240 4031 729519.63 7171004.5 554.9335173014578 99.26464127950803 0.0 54762.82 222946.0 143385.0 73950.0 28303.0 8230.0 1841.0 156.0 -33.0 74.0 0.0 264401.0 207335.0 141462.0 78904.0 35761.0 12808.0 3367.0 718.0 216.0 0.0
 1 11240 4032 729519.56 7171016.5 554.932460527752 99.48988759503918 0.0 54761.61 224279.0 146153.0 76173.0 29295.0 8277.0 1740.0 118.0 -33.0 74.0 0.0 264216.0 207829.0 142120.0 79305.0 35959.0 12879.0 3378.0 716.0 209.0 0.0
 1 11240 4033 729519.5 7171028.5 554.9203048689453 99.67816684779142 0.0 54760.39 225374.0 148648.0 78315.0 30292.0 8349.0 1658.0 94.0 -30.0 74.0 0.0 264688.0 209148.0 143520.0 80095.0 36231.0 12952.0 3385.0 714.0 203.0 0.0
 1 11240 4034 729519.38 7171040.5 554.8962762343488 99.83714587690699 0.0 54759.15 226180.0 150798.0 80302.0 31253.0 8447.0 1600.0 87.0 -24.0 75.0 0.0 265638.0 211102.0 145537.0 81212.0 36563.0 13026.0 3389.0 711.0 197.0 0.0
 1 11240 4035 729519.25 7171052.5 554.8574518464073 99.97640075192207 0.0 54757.89 226679.0 152568.0 82089.0 32147.0 8567.0 1569.0 96.0 -15.0 76.0 0.0 266845.0 213446.0 147987.0 82564.0 36931.0 13098.0 3394.0 710.0 193.0 0.0
 1 11240 4036 729519.13 7171064.5 554.8013335523592 100.10240015988131 0.0 54756.61 226868.0 153928.0 83656.0 32953.0 8709.0 1565.0 118.0 -4.0 78.0 0.0 268090.0 215911.0 150648.0 84032.0 37303.0 13161.0 3399.0 710.0 190.0 0.0
 1 11240 4037 729519.0 7171077.0 554.7215386032423 100.2192744804153 0.0 54755.49 226736.0 154843.0 85017.0 33662.0 8870.0 1590.0 151.0 10.0 79.0 0.0 269184.0 218242.0 153277.0 85483.0 37642.0 13209.0 3405.0 712.0 189.0 0.0
 1 11240 4038 729518.88 7171089.5 554.6060385361205 100.33263809662455 0.0 54754.52 226270.0 155276.0 86207.0 34286.0 9057.0 1642.0 194.0 26.0 80.0 0.0 269978.0 220207.0 155628.0 86782.0 37912.0 13233.0 3411.0 716.0 190.0 0.0
 1 11240 4039 729518.75 7171102.0 554.4604408428356 100.45261166147856 0.0 54753.83 225472.0 155221.0 87282.0 34859.0 9282.0 1727.0 246.0 45.0 80.0 0.0 270356.0 221602.0 157471.0 87804.0 38078.0 13224.0 3418.0 724.0 192.0 0.0
 1 11240 4040 729518.63 7171114.5 554.297036928819 100.59381614878816 0.0 54753.19 224381.0 154732.0 88302.0 35440.0 9571.0 1854.0 307.0 65.0 80.0 0.0 270207.0 222245.0 158606.0 88444.0 38109.0 13173.0 3425.0 734.0 195.0 0.0
 1 11240 4041 729518.5 7171127.0 554.1286423555084 100.77231528814147 0.0 54752.66 223091.0 153940.0 89332.0 36106.0 9959.0 2036.0 379.0 88.0 80.0 0.0 269412.0 221978.0 158877.0 88622.0 37981.0 13078.0 3433.0 748.0 197.0 0.0
 1 11240 4042 729518.38 7171139.5 553.968334548252 100.99972669347255 0.0 54752.12 221734.0 153041.0 90439.0 36941.0 10483.0 2285.0 462.0 112.0 79.0 0.0 267849.0 220686.0 158190.0 88298.0 37686.0 12940.0 3440.0 765.0 200.0 0.0
 1 11240 4043 729518.25 7171152.0 553.82925613549 101.27515681423183 0.0 54751.73 220455.0 152255.0 91689.0 38027.0 11176.0 2611.0 558.0 136.0 78.0 0.0 265425.0 218343.0 156543.0 87481.0 37238.0 12771.0 3449.0 783.0 202.0 0.0
 1 11240 4044 729518.13 7171164.5 553.7252665010752 101.57866328152156 0.0 54751.66 219367.0 151784.0 93137.0 39425.0 12062.0 3016.0 666.0 160.0 77.0 0.0 262136.0 215051.0 154051.0 86246.0 36679.0 12587.0 3458.0 803.0 204.0 0.0
 1 11240 4045 729518.06 7171177.0 553.6735182588867 101.87178763607916 0.0 54751.89 218521.0 151769.0 94814.0 41168.0 13149.0 3494.0 783.0 184.0 76.0 0.0 258117.0 211073.0 150973.0 84746.0 36080.0 12410.0 3469.0 824.0 206.0 0.0
 1 11240 4046 729518.0 7171189.5 553.7151528252841 102.10751895116466 0.0 54752.41 217911.0 152271.0 96715.0 43252.0 14433.0 4035.0 907.0 206.0 74.0 0.0 253675.0 206836.0 147700.0 83210.0 35538.0 12268.0 3484.0 844.0 207.0 0.0
 1 11240 4047 729517.94 7171202.0 553.836125126092 102.24682786213532 0.0 54753.6 217484.0 153273.0 98805.0 45629.0 15889.0 4625.0 1035.0 225.0 73.0 0.0 249269.0 202882.0 144719.0 81928.0 35166.0 12195.0 3505.0 865.0 208.0 0.0
 1 11240 4048 729517.94 7171214.5 554.0049871530766 102.27411591374359 0.0 54755.22 217178.0 154691.0 101020.0 48206.0 17477.0 5247.0 1163.0 241.0 72.0 0.0 245424.0 199773.0 142542.0 81213.0 35082.0 12230.0 3537.0 885.0 208.0 0.0
 1 11240 4049 729518.0 7171227.0 554.1887217014099 102.20387381619051 0.0 54757.33 216941.0 156402.0 103272.0 50856.0 19128.0 5876.0 1289.0 252.0 70.0 0.0 242616.0 197975.0 141613.0 81352.0 35392.0 12416.0 3586.0 904.0 207.0 0.0
 1 11240 4050 729518.06 7171238.5 554.3414499987447 102.07524945745885 0.0 54760.03 216738.0 158252.0 105447.0 53424.0 20755.0 6487.0 1412.0 260.0 69.0 0.0 241147.0 197743.0 142211.0 82553.0 36169.0 12792.0 3657.0 923.0 204.0 0.0
 1 11240 4051 729518.25 7171250.5 554.4580064744207 101.9378927756595 0.0 54763.07 216547.0 160076.0 107398.0 55742.0 22253.0 7045.0 1528.0 264.0 67.0 0.0 241075.0 199064.0 144380.0 84880.0 37442.0 13381.0 3759.0 942.0 201.0 0.0
 1 11240 4052 729518.44 7171262.5 554.4995040693514 101.83597798578606 0.0 54766.86 216346.0 161695.0 108944.0 57637.0 23516.0 7520.0 1634.0 264.0 66.0 0.0 242214.0 201663.0 147899.0 88217.0 39182.0 14178.0 3893.0 961.0 198.0 0.0
 1 11240 4053 729518.69 7171274.5 554.438123871349 101.79750018592812 0.0 54771.29 216106.0 162930.0 109899.0 58948.0 24453.0 7883.0 1723.0 262.0 64.0 0.0 244205.0 205090.0 152323.0 92272.0 41308.0 15140.0 4059.0 980.0 195.0 0.0
 1 11240 4054 729519.06 7171286.5 554.2408945659693 101.83103100810773 0.0 54776.55 215786.0 163625.0 110097.0 59544.0 25006.0 8117.0 1789.0 258.0 62.0 0.0 246630.0 208840.0 157087.0 96630.0 43700.0 16192.0 4252.0 998.0 193.0 0.0
 1 11240 4055 729519.5 7171298.5 553.925256907581 101.92824667188522 0.0 54782.76 215349.0 163685.0 109446.0 59355.0 25160.0 8216.0 1824.0 251.0 60.0 0.0 249121.0 212470.0 161640.0 100848.0 46204.0 17241.0 4468.0 1017.0 191.0 0.0
 1 11240 4056 729520.0 7171310.5 553.5331945450027 102.07012975839325 0.0 54790.08 214768.0 163103.0 107959.0 58405.0 24944.0 8191.0 1824.0 241.0 59.0 0.0 251427.0 215658.0 165556.0 104550.0 48645.0 18194.0 4696.0 1036.0 189.0 0.0
 1 11240 4057 729520.63 7171322.5 553.1083238694201 102.2343335920026 0.0 54798.32 214042.0 161966.0 105779.0 56825.0 24424.0 8064.0 1789.0 226.0 57.0 0.0 253420.0 218219.0 168587.0 107494.0 50842.0 18983.0 4928.0 1055.0 187.0 0.0
 1 11240 4058 729521.25 7171335.5 552.6552402883345 102.40104997445259 0.0 54807.44 213192.0 160427.0 103163.0 54845.0 23699.0 7864.0 1728.0 205.0 55.0 0.0 255052.0 220076.0 170659.0 109585.0 52642.0 19578.0 5150.0 1075.0 184.0 0.0
 1 11240 4059 729521.94 7171348.0 552.277899889569 102.55677028945883 0.0 54817.15 212260.0 158673.0 100438.0 52752.0 22878.0 7623.0 1650.0 178.0 53.0 0.0 256303.0 221226.0 171826.0 110862.0 53958.0 19986.0 5352.0 1096.0 181.0 0.0
 1 11240 4060 729522.63 7171360.5 552.0026364435778 102.69657418208179 0.0 54827.14 211295.0 156882.0 97934.0 50835.0 22074.0 7368.0 1570.0 147.0 51.0 0.0 257155.0 221713.0 172214.0 111444.0 54788.0 20240.0 5521.0 1117.0 178.0 0.0
 1 11240 4061 729523.38 7171373.0 551.8766406056192 102.82569015664566 0.0 54837.08 210351.0 155201.0 95920.0 49329.0 21386.0 7122.0 1499.0 115.0 49.0 0.0 257587.0 221615.0 171980.0 111486.0 55206.0 20385.0 5654.0 1139.0 174.0 0.0
 1 11240 4062 729524.19 7171385.5 551.9138277389368 102.95881323091439 0.0 54846.7 209487.0 153741.0 94566.0 48376.0 20889.0 6908.0 1446.0 85.0 46.0 0.0 257605.0 221035.0 171286.0 111146.0 55326.0 20464.0 5752.0 1160.0 170.0 0.0
 1 11240 4063 729525.06 7171398.0 552.0712882617489 103.1142053383646 0.0 54855.74 208767.0 152578.0 93921.0 48020.0 20621.0 6743.0 1413.0 62.0 44.0 0.0 257252.0 220088.0 170277.0 110557.0 55261.0 20508.0 5821.0 1182.0 165.0 0.0
 1 11240 4064 729525.94 7171410.5 552.3121231794768 103.30135547988341 0.0 54864.22 208255.0 151754.0 93938.0 48217.0 20587.0 6642.0 1401.0 49.0 41.0 0.0 256614.0 218892.0 169075.0 109830.0 55104.0 20538.0 5869.0 1203.0 158.0 0.0
 1 11240 4065 729526.81 7171423.0 552.6009419905791 103.5064123581632 0.0 54872.28 207996.0 151289.0 94499.0 48867.0 20767.0 6615.0 1404.0 48.0 38.0 0.0 255794.0 217557.0 167781.0 109049.0 54915.0 20563.0 5901.0 1223.0 151.0 0.0
 1 11240 4066 729527.69 7171435.5 552.9040074906827 103.68589269327602 0.0 54879.74 208003.0 151187.0 95457.0 49846.0 21125.0 6660.0 1418.0 57.0 35.0 0.0 254891.0 216179.0 166480.0 108284.0 54728.0 20587.0 5919.0 1240.0 143.0 0.0
 1 11240 4067 729528.56 7171448.0 553.1874163704326 103.77774195852083 0.0 54886.73 208246.0 151444.0 96672.0 51036.0 21626.0 6767.0 1443.0 75.0 31.0 0.0 253976.0 214833.0 165249.0 107591.0 54565.0 20612.0 5919.0 1252.0 134.0 0.0
 1 11240 4068 729529.44 7171460.5 553.4188404981697 103.72776241288837 0.0 54893.27 208674.0 152042.0 98033.0 52345.0 22236.0 6922.0 1479.0 100.0 28.0 0.0 253092.0 213578.0 164165.0 107011.0 54437.0 20637.0 5897.0 1256.0 123.0 0.0
 1 11240 4069 729530.31 7171473.0 553.5660612135305 103.51733718304637 0.0 54899.0 209232.0 152941.0 99466.0 53714.0 22932.0 7115.0 1532.0 133.0 24.0 0.0 252257.0 212455.0 163298.0 106578.0 54360.0 20662.0 5849.0 1246.0 112.0 0.0
 1 11240 4070 729531.13 7171485.5 553.631401480791 103.17497127044872 0.0 54903.94 209895.0 154083.0 100926.0 55110.0 23692.0 7343.0 1610.0 173.0 21.0 0.0 251479.0 211505.0 162704.0 106314.0 54352.0 20689.0 5773.0 1217.0 99.0 0.0
 1 11240 4071 729532.0 7171497.5 553.6505117547846 102.7642562993 0.0 54907.84 210676.0 155399.0 102394.0 56519.0 24501.0 7614.0 1725.0 223.0 19.0 0.0 250770.0 210781.0 162416.0 106240.0 54438.0 20724.0 5668.0 1167.0 85.0 0.0
 1 11240 4072 729532.81 7171509.5 553.633595030327 102.35652758076534 0.0 54910.69 211622.0 156828.0 103856.0 57933.0 25349.0 7943.0 1885.0 284.0 17.0 0.0 250151.0 210346.0 162442.0 106375.0 54645.0 20781.0 5539.0 1096.0 69.0 0.0
 1 11240 4073 729533.56 7171521.5 553.5887822626026 102.0042141438325 0.0 54912.72 212794.0 158332.0 105310.0 59349.0 26230.0 8350.0 2096.0 360.0 17.0 0.0 249664.0 210256.0 162761.0 106735.0 54994.0 20878.0 5390.0 1010.0 51.0 0.0
